Result 1:
	server:
		kl. 00.48 +0200  all    0,00    0,00    0,00    0,00    0,00    0,00    0,00    0,00    0,00  100,00
		kl. 00.48 +0200  all    2,01    0,00   18,09    0,00    0,00    0,00    0,00    0,00    0,00   79,90
		kl. 00.48 +0200  all    4,02    0,00   18,39    0,00    0,00    0,00    0,00    0,00    0,00   77,59
		kl. 00.48 +0200  all    0,00    0,00   34,17    0,00    0,00    0,00    0,00    0,00    0,00   65,83
		kl. 00.48 +0200  all    0,00    0,00   80,50    0,50    0,00    0,00    0,00    0,00    0,00   19,00
		kl. 00.48 +0200  all    0,00    0,00   18,41    0,00    0,00    0,00    0,00    0,00    0,00   81,59
		kl. 00.48 +0200  all    0,00    0,00    0,00    0,00    0,00    0,00    0,00    0,00    0,00  100,00

	client:
		kl  00.48 +0200  all    1,49    0,00    1,00    0,50    0,00    0,00    0,00    0,00    0,00   97,01
		kl. 00.48 +0200  all    4,33    0,00   34,62    2,88    0,00    0,48    0,00    0,00    0,00   57,69
		kl. 00.48 +0200  all    0,51    0,00    0,00    1,53    0,00    0,00    0,00    0,00    0,00   97,96
		kl. 00.48 +0200  all    0,51    0,00   23,08    1,03    0,00    0,00    0,00    0,00    0,00   75,38
		kl. 00.48 +0200  all    2,05    0,00   84,10    0,00    0,00    0,00    0,00    0,00    0,00   13,85
		kl. 00.48 +0200  all    2,07    0,00   18,65    0,00    0,00    0,00    0,00    0,00    0,00   79,27
		kl. 00.48 +0200  all    4,31    0,00    4,78    0,00    0,00    0,00    0,00    0,00    0,00   90,91

	rtt: 
		
		0.960722
		pong
		1,0.000266
		2,0.000208
		4,0.000152
		8,0.000144
		16,0.000131
		32,0.000134
		64,0.000125
		128,0.000079
		256,0.000068
		512,0.000076
		1024,0.000065
		2048,0.000077
		4096,0.000075
		8192,0.000085
		16384,0.000096
		32768,0.000133
		65536,0.000181
		131072,0.000349
		262144,0.000557
		524288,0.001402
		1048576,0.001698
		2097152,0.003238
		4194304,0.005967
		8388608,0.012567
		16777216,0.023820
		33554432,0.048984
		67108864,0.097115
		134217728,0.196686
		268435456,0.391987
		536870912,0.793345
Result 2:
	server:
		kl. 00.53 +0200  all    0,00    0,00    0,00    0,00    0,00    0,00    0,00    0,00    0,00  100,00
		kl. 00.53 +0200  all    1,49    0,00   13,93    0,50    0,00    0,00    0,00    0,00    0,00   84,08
		kl. 00.53 +0200  all    2,99    0,00   21,89    0,00    0,00    0,00    0,00    0,00    0,00   75,12
		kl. 00.53 +0200  all    0,00    0,00   40,20    0,00    0,00    0,00    0,00    0,00    0,00   59,80
		kl. 00.53 +0200  all    0,00    0,00   83,16    0,00    0,00    0,00    0,00    0,00    0,00   16,84
		kl. 00.53 +0200  all    0,00    0,00    8,04    0,00    0,00    0,00    0,00    0,00    0,00   91,96
		kl. 00.53 +0200  all    0,00    0,00    0,00    0,00    0,00    0,00    0,00    0,00    0,00  100,00
	client:
		kl. 00.53 +0200  all    1,01    0,00    0,51    0,00    0,00    0,00    0,00    0,00    0,00   98,48
		kl. 00.53 +0200  all    4,59    0,00   37,24    0,00    0,00    0,00    0,00    0,00    0,00   58,16
		kl. 00.53 +0200  all    0,50    0,00    1,51    0,00    0,00    0,00    0,00    0,00    0,00   97,99
		kl. 00.53 +0200  all    1,39    0,00   40,74    0,00    0,00    0,00    0,00    0,00    0,00   57,87
		kl. 00.53 +0200  all    4,93    0,00   77,34    0,00    0,00    0,00    0,00    0,00    0,00   17,73
		kl. 00.53 +0200  all    4,74    0,00    7,58    0,00    0,00    0,00    0,00    0,00    0,00   87,68
		kl. 00.53 +0200  all    4,27    0,00    5,21    0,00    0,00    0,00    0,00    0,00    0,00   90,52
		kl. 00.53 +0200  all    5,29    0,00    1,44   10,10    0,00    0,00    0,00    0,00    0,00   83,17
	rtt: 
		0.756715
		pong
		1,0.000258
		2,0.000211
		4,0.000155
		8,0.000152
		16,0.000134
		32,0.000143
		64,0.000131
		128,0.000087
		256,0.000111
		512,0.000085
		1024,0.000097
		2048,0.000087
		4096,0.000079
		8192,0.000090
		16384,0.000099
		32768,0.000142
		65536,0.000193
		131072,0.000363
		262144,0.000605
		524288,0.000972
		1048576,0.001721
		2097152,0.003322
		4194304,0.005817
		8388608,0.012927
		16777216,0.024409
		33554432,0.048743
		67108864,0.097001
		134217728,0.194940
		268435456,0.386579
		536870912,0.776051

Result 3:
	server:
		kl. 00.54 +0200  all    0,00    0,00    0,00    0,00    0,00    0,00    0,00    0,00    0,00  100,00
		kl. 00.54 +0200  all    1,50    0,00   20,50    0,50    0,00    0,00    0,00    0,00    0,00   77,50
		kl. 00.54 +0200  all    3,00    0,00   14,50    0,00    0,00    0,00    0,00    0,00    0,00   82,50
		kl. 00.54 +0200  all    0,50    0,00   51,49    0,00    0,00    0,00    0,00    0,00    0,00   48,02
		kl. 00.54 +0200  all    0,00    0,00   80,71    0,00    0,00    0,00    0,00    0,00    0,00   19,29
		kl. 00.54 +0200  all    0,50    0,00    0,00    0,00    0,00    0,00    0,00    0,00    0,00   99,50
		kl. 00.54 +0200  all    0,00    0,00    0,00    0,00    0,00    0,00    0,00    0,00    0,00  100,00

	client:
		kl. 00.54 +0200  all    0,00    0,00    0,00    0,00    0,00    0,00    0,00    0,00    0,00  100,00
		kl. 00.54 +0200  all    2,05    0,00   25,13    0,00    0,00    0,00    0,00    0,00    0,00   72,82
		kl. 00.54 +0200  all    2,01    0,00   13,07    0,00    0,00    0,00    0,00    0,00    0,00   84,92
		kl. 00.54 +0200  all    0,50    0,00    4,02    0,00    0,00    0,00    0,00    0,00    0,00   95,48
		kl. 00.54 +0200  all    1,47    0,00   85,29    0,00    0,00    0,49    0,00    0,00    0,00   12,75
		kl. 00.54 +0200  all    1,50    0,00   39,00    0,00    0,00    0,00    0,00    0,00    0,00   59,50
		kl. 00.54 +0200  all    0,51    0,00    3,05    0,00    0,00    0,00    0,00    0,00    0,00   96,45
		kl. 00.54 +0200  all    0,00    0,00    0,00    0,00    0,00    0,00    0,00    0,00    0,00  100,00

	rtt: 
		0.760765
		pong
		1,0.000247
		2,0.000200
		4,0.000158
		8,0.000157
		16,0.000134
		32,0.000140
		64,0.000137
		128,0.000079
		256,0.000080
		512,0.000088
		1024,0.000077
		2048,0.000090
		4096,0.000083
		8192,0.000093
		16384,0.000093
		32768,0.000145
		65536,0.000196
		131072,0.001251
		262144,0.000583
		524288,0.000944
		1048576,0.001786
		2097152,0.003276
		4194304,0.006628
		8388608,0.012513
		16777216,0.024767
		33554432,0.049237
		67108864,0.096010
		134217728,0.196458
		268435456,0.389831
		536870912,0.779073

Result 4:
	server:
		kl. 00.56 +0200  all    0,00    0,00    0,00    0,00    0,00    0,00    0,00    0,00    0,00  100,00
		kl. 00.56 +0200  all    3,96    0,00   35,64    0,00    0,00    0,00    0,00    0,00    0,00   60,40
		kl. 00.56 +0200  all    0,00    0,00    4,04    1,01    0,00    0,00    0,00    0,00    0,00   94,95
		kl. 00.57 +0200  all    3,92    0,00   77,45    0,49    0,00    0,00    0,00    0,00    0,00   18,14
		kl. 00.57 +0200  all    0,00    0,00   52,31    0,00    0,00    0,00    0,00    0,00    0,00   47,69
		kl. 00.57 +0200  all    1,00    0,00    0,00    0,50    0,00    0,00    0,00    0,00    0,00   98,51
		kl. 00.57 +0200  all    0,00    0,00    0,00    0,00    0,00    0,00    0,00    0,00    0,00  100,00
	client:
		kl. 00.56 +0200  all    0,00    0,00    0,00    0,00    0,00    0,00    0,00    0,00    0,00  100,00
		kl. 00.56 +0200  all    3,54    0,00    1,52    3,03    0,00    0,00    0,00    0,00    0,00   91,92
		kl. 00.56 +0200  all    3,86    0,00    1,45    0,97    0,00    0,00    0,00    0,00    0,00   93,72
		kl. 00.56 +0200  all    6,60    0,00   17,92    0,00    0,00    0,00    0,00    0,00    0,00   75,47
		kl. 00.56 +0200  all    6,80    0,00   20,39    0,00    0,00    0,00    0,00    0,00    0,00   72,82
		kl. 00.56 +0200  all    0,00    0,00    0,00    0,00    0,00    0,00    0,00    0,00    0,00  100,00
		kl. 00.57 +0200  all    1,95    0,00   69,76    0,00    0,00    0,00    0,00    0,00    0,00   28,29
		kl. 00.57 +0200  all    0,51    0,00   60,51    0,00    0,00    0,00    0,00    0,00    0,00   38,97
		kl. 00.57 +0200  all    1,03    0,00    2,56    0,51    0,00    0,00    0,00    0,00    0,00   95,90
		kl. 00.57 +0200  all    0,00    0,00    0,00    0,00    0,00    0,00    0,00    0,00    0,00  100,00

	rtt: 
		0.757778
		pong
		1,0.000246
		2,0.000207
		4,0.000199
		8,0.000142
		16,0.000138
		32,0.000140
		64,0.000131
		128,0.000081
		256,0.000080
		512,0.000083
		1024,0.000070
		2048,0.000082
		4096,0.000084
		8192,0.000091
		16384,0.000087
		32768,0.000139
		65536,0.000193
		131072,0.000369
		262144,0.000579
		524288,0.000976
		1048576,0.002005
		2097152,0.003228
		4194304,0.005940
		8388608,0.012649
		16777216,0.023682
		33554432,0.054601
		67108864,0.122356
		134217728,0.203625
		268435456,0.390383
		536870912,0.796019

Result 5:
	server:
		kl. 00.58 +0200  all    0,00    0,00    0,00    0,00    0,00    0,00    0,00    0,00    0,00  100,00
		kl. 00.58 +0200  all    4,00    0,00   35,00    0,00    0,00    0,00    0,00    0,00    0,00   61,00
		kl. 00.58 +0200  all    0,00    0,00    2,49    0,50    0,00    0,00    0,00    0,00    0,00   97,01
		kl. 00.58 +0200  all    0,00    0,00   77,44    0,00    0,00    0,51    0,00    0,00    0,00   22,05
		kl. 00.58 +0200  all    0,00    0,00   52,50    1,00    0,00    0,00    0,00    0,00    0,00   46,50
		kl. 00.58 +0200  all    0,00    0,00    0,50    0,00    0,00    0,00    0,00    0,00    0,00   99,50
		kl. 00.58 +0200  all    0,00    0,00    0,00    0,00    0,00    0,00    0,00    0,00    0,00  100,00



	client:
		kl. 00.58 +0200  all    1,01    0,00    0,51    0,00    0,00    0,00    0,00    0,00    0,00   98,48
		kl. 00.58 +0200  all    3,43    0,00    2,45    0,00    0,00    0,00    0,00    0,00    0,00   94,12
		kl. 00.58 +0200  all    5,21    0,00   10,90    0,00    0,00    0,00    0,00    0,00    0,00   83,89
		kl. 00.58 +0200  all    8,06    0,00   27,96    1,42    0,00    0,00    0,00    0,00    0,00   62,56
		kl. 00.58 +0200  all    4,81    0,00    1,44    0,00    0,00    0,00    0,00    0,00    0,00   93,75
		kl. 00.58 +0200  all    1,49    0,00   58,21    0,00    0,00    0,00    0,00    0,00    0,00   40,30
		kl. 00.58 +0200  all    3,98    0,00   69,15    0,00    0,00    0,00    0,00    0,00    0,00   26,87
		kl. 00.58 +0200  all    5,71    0,00    4,29    0,00    0,00    0,00    0,00    0,00    0,00   90,00
		kl. 00.58 +0200  all    3,37    0,00    2,88    0,00    0,00    0,00    0,00    0,00    0,00   93,75

	rtt: 
		0.760034
		pong
		1,0.000233
		2,0.000189
		4,0.000148
		8,0.000165
		16,0.000133
		32,0.000139
		64,0.000133
		128,0.000080
		256,0.000079
		512,0.000088
		1024,0.000066
		2048,0.000084
		4096,0.000079
		8192,0.000091
		16384,0.000112
		32768,0.000158
		65536,0.000193
		131072,0.000358
		262144,0.000572
		524288,0.000985
		1048576,0.001717
		2097152,0.003210
		4194304,0.005830
		8388608,0.012504
		16777216,0.024461
		33554432,0.048573
		67108864,0.097863
		134217728,0.195330
		268435456,0.390244
		536870912,0.792918

Result 6:
	server:
		kl. 01.00 +0200  all    0,50    0,00    0,00    0,00    0,00    0,00    0,00    0,00    0,00   99,50
		kl. 01.00 +0200  all    1,00    0,00   14,50    0,50    0,00    0,00    0,00    0,00    0,00   84,00
		kl. 01.00 +0200  all    1,50    0,00   23,00    0,00    0,00    0,00    0,00    0,00    0,00   75,50
		kl. 01.00 +0200  all    0,00    0,00   40,10    1,02    0,00    0,00    0,00    0,00    0,00   58,88
		kl. 01.00 +0200  all    0,00    0,00   83,92    0,00    0,00    0,00    0,00    0,00    0,00   16,08
		kl. 01.00 +0200  all    0,00    0,00    8,00    0,50    0,00    0,00    0,00    0,00    0,00   91,50
		kl. 01.00 +0200  all    0,00    0,00    0,00    0,00    0,00    0,00    0,00    0,00    0,00  100,00

	client:
		kl. 01.00 +0200  all    0,00    0,00    0,00    0,00    0,00    0,00    0,00    0,00    0,00  100,00
		kl. 01.00 +0200  all    1,52    0,00    8,12    0,00    0,00    0,00    0,00    0,00    0,00   90,36
		kl. 01.00 +0200  all    4,08    0,00   27,55    0,00    0,00    0,00    0,00    0,00    0,00   68,37
		kl. 01.00 +0200  all    1,02    0,00    0,00    0,00    0,00    0,51    0,00    0,00    0,00   98,48
		kl. 01.00 +0200  all    1,02    0,00   56,85    0,00    0,00    0,00    0,00    0,00    0,00   42,13
		kl. 01.00 +0200  all    3,50    0,00   69,00    0,00    0,00    0,00    0,00    0,00    0,00   27,50
		kl. 01.00 +0200  all    2,46    0,00    3,94    1,48    0,00    0,00    0,00    0,00    0,00   92,12
		kl. 01.00 +0200  all    1,51    0,00    0,00    0,00    0,00    0,50    0,00    0,00    0,00   97,99

	rtt: 
		0.770191
		pong
		1,0.000254
		2,0.000185
		4,0.000155
		8,0.000161
		16,0.000137
		32,0.000149
		64,0.000141
		128,0.000085
		256,0.000076
		512,0.000087
		1024,0.000071
		2048,0.000086
		4096,0.000080
		8192,0.000094
		16384,0.000092
		32768,0.000150
		65536,0.000194
		131072,0.000365
		262144,0.000579
		524288,0.000968
		1048576,0.001764
		2097152,0.003264
		4194304,0.006269
		8388608,0.012903
		16777216,0.023932
		33554432,0.048741
		67108864,0.096810
		134217728,0.193631
		268435456,0.386894
		536870912,0.783753

Result 7:
	server:
		kl. 01.02 +0200  all    0,00    0,00    0,00    0,00    0,00    0,00    0,00    0,00    0,00  100,00
		kl. 01.02 +0200  all    1,51    0,00   18,09    0,00    0,00    0,00    0,00    0,00    0,00   80,40
		kl. 01.02 +0200  all    2,50    0,00   17,00    0,00    0,00    0,00    0,00    0,00    0,00   80,50
		kl. 01.02 +0200  all    1,02    0,00   46,43    0,00    0,00    0,00    0,00    0,00    0,00   52,55
		kl. 01.02 +0200  all    0,00    0,00   85,07    0,00    0,00    0,00    0,00    0,00    0,00   14,93
		kl. 01.02 +0200  all    0,00    0,00    1,50    0,00    0,00    0,00    0,00    0,00    0,00   98,50
		kl. 01.02 +0200  all    0,00    0,00    0,50    0,00    0,00    0,50    0,00    0,00    0,00   99,01

	client:
		kl. 01.02 +0200  all    0,00    0,00    0,00    0,00    0,00    0,00    0,00    0,00    0,00  100,00
		kl. 01.02 +0200  all    2,04    0,00   11,22    0,00    0,00    0,00    0,00    0,00    0,00   86,73
		kl. 01.02 +0200  all    3,06    0,00   24,49    0,00    0,00    0,00    0,00    0,00    0,00   72,45
		kl. 01.02 +0200  all    0,51    0,00    0,51    0,00    0,00    0,00    0,00    0,00    0,00   98,98
		kl. 01.02 +0200  all    2,97    0,00   62,38    0,00    0,00    0,50    0,00    0,00    0,00   34,16
		kl. 01.02 +0200  all    0,00    0,00   67,36    0,00    0,00    0,00    0,00    0,00    0,00   32,64
		kl. 01.02 +0200  all    0,00    0,00    2,56    0,00    0,00    0,00    0,00    0,00    0,00   97,44
		kl. 01.02 +0200  all    1,52    0,00    0,00    0,00    0,00    0,00    0,00    0,00    0,00   98,48
		kl. 01.02 +0200  all    0,00    0,00    0,00    0,00    0,00    0,00    0,00    0,00    0,00  100,00


	
	rtt: 
		0.759471
		pong
		1,0.000275
		2,0.000258
		4,0.000150
		8,0.000138
		16,0.000130
		32,0.000141
		64,0.000132
		128,0.000080
		256,0.000071
		512,0.000083
		1024,0.000068
		2048,0.000087
		4096,0.000075
		8192,0.000090
		16384,0.000089
		32768,0.000138
		65536,0.000196
		131072,0.000353
		262144,0.000571
		524288,0.000977
		1048576,0.001714
		2097152,0.003288
		4194304,0.005885
		8388608,0.013350
		16777216,0.024650
		33554432,0.050200
		67108864,0.098365
		134217728,0.196358
		268435456,0.392329
		536870912,0.787839


