Result 1:
	server:
		kl. 01.27 +0200  all  100,00    0,00    0,00    0,00    0,00    0,00    0,00    0,00    0,00    0,00
		kl. 01.27 +0200  all   99,50    0,00    0,50    0,00    0,00    0,00    0,00    0,00    0,00    0,00
		kl. 01.27 +0200  all   95,00    0,00    5,00    0,00    0,00    0,00    0,00    0,00    0,00    0,00
		kl. 01.27 +0200  all   72,86    0,00   27,14    0,00    0,00    0,00    0,00    0,00    0,00    0,00
		kl. 01.27 +0200  all   98,01    0,00    1,99    0,00    0,00    0,00    0,00    0,00    0,00    0,00
		kl. 01.27 +0200  all   67,84    0,00   32,16    0,00    0,00    0,00    0,00    0,00    0,00    0,00
		kl. 01.27 +0200  all   67,16    0,00   32,84    0,00    0,00    0,00    0,00    0,00    0,00    0,00
		kl. 01.27 +0200  all   68,34    0,00   31,66    0,00    0,00    0,00    0,00    0,00    0,00    0,00
		kl. 01.27 +0200  all   64,50    0,00   35,50    0,00    0,00    0,00    0,00    0,00    0,00    0,00
		kl. 01.27 +0200  all   93,03    0,00    6,97    0,00    0,00    0,00    0,00    0,00    0,00    0,00
		kl. 01.27 +0200  all  100,00    0,00    0,00    0,00    0,00    0,00    0,00    0,00    0,00    0,00
	client:
		kl. 01.27 +0200  all   99,50    0,00    0,50    0,00    0,00    0,00    0,00    0,00    0,00    0,00
		kl. 01.27 +0200  all   99,00    0,00    1,00    0,00    0,00    0,00    0,00    0,00    0,00    0,00
		kl. 01.27 +0200  all   71,00    0,00   29,00    0,00    0,00    0,00    0,00    0,00    0,00    0,00
		kl. 01.27 +0200  all   92,50    0,00    7,50    0,00    0,00    0,00    0,00    0,00    0,00    0,00
		kl. 01.27 +0200  all   98,00    0,00    2,00    0,00    0,00    0,00    0,00    0,00    0,00    0,00
		kl. 01.27 +0200  all   80,00    0,00   20,00    0,00    0,00    0,00    0,00    0,00    0,00    0,00
		kl. 01.27 +0200  all   57,21    0,00   42,79    0,00    0,00    0,00    0,00    0,00    0,00    0,00
		kl. 01.27 +0200  all   64,82    0,00   35,18    0,00    0,00    0,00    0,00    0,00    0,00    0,00
		kl. 01.27 +0200  all   67,50    0,00   32,50    0,00    0,00    0,00    0,00    0,00    0,00    0,00
		kl. 01.27 +0200  all   85,57    0,00   13,93    0,00    0,00    0,00    0,00    0,00    0,00    0,50
		kl. 01.27 +0200  all   94,00    0,00    6,00    0,00    0,00    0,00    0,00    0,00    0,00    0,00

		kl. 01.27 +0200  CPU    %usr   %nice    %sys %iowait    %irq   %soft  %steal  %guest  %gnice   %idle
		kl. 01.27 +0200  all   97,49    0,00    2,51    0,00    0,00    0,00    0,00    0,00    0,00    0,00
	rtt: 
		1.248923
		pong
		1,0.000199
		2,0.000168
		4,0.000126
		8,0.000141
		16,0.000134
		32,0.000133
		64,0.000129
		128,0.000109
		256,0.000073
		512,0.000086
		1024,0.000063
		2048,0.000103
		4096,0.000083
		8192,0.000082
		16384,0.000127
		32768,0.000153
		65536,0.000191
		131072,0.000352
		262144,0.000628
		524288,0.001118
		1048576,0.002305
		2097152,0.004218
		4194304,0.018597
		8388608,0.058659
		16777216,0.090748
		33554432,0.154783
		67108864,0.345231
		134217728,0.336212
		268435456,1.046444
		536870912,1.987988

Result 2:
	server:
		kl. 01.30 +0200  all  100,00    0,00    0,00    0,00    0,00    0,00    0,00    0,00    0,00    0,00
		kl. 01.30 +0200  all  100,00    0,00    0,00    0,00    0,00    0,00    0,00    0,00    0,00    0,00
		kl. 01.30 +0200  all   96,00    0,00    4,00    0,00    0,00    0,00    0,00    0,00    0,00    0,00
		kl. 01.30 +0200  all   69,50    0,00   30,50    0,00    0,00    0,00    0,00    0,00    0,00    0,00
		kl. 01.30 +0200  all   98,50    0,00    1,50    0,00    0,00    0,00    0,00    0,00    0,00    0,00
		kl. 01.30 +0200  all   71,14    0,00   28,86    0,00    0,00    0,00    0,00    0,00    0,00    0,00
		kl. 01.30 +0200  all   75,00    0,00   25,00    0,00    0,00    0,00    0,00    0,00    0,00    0,00
		kl. 01.30 +0200  all   64,00    0,00   36,00    0,00    0,00    0,00    0,00    0,00    0,00    0,00
		kl. 01.30 +0200  all   58,00    0,00   42,00    0,00    0,00    0,00    0,00    0,00    0,00    0,00
		kl. 01.30 +0200  all   83,00    0,00   17,00    0,00    0,00    0,00    0,00    0,00    0,00    0,00
		kl. 01.30 +0200  all  100,00    0,00    0,00    0,00    0,00    0,00    0,00    0,00    0,00    0,00
		kl. 01.30 +0200  all  100,00    0,00    0,00    0,00    0,00    0,00    0,00    0,00    0,00    0,00

	client:
		kl. 01.30 +0200  all  100,00    0,00    0,00    0,00    0,00    0,00    0,00    0,00    0,00    0,00
		kl. 01.30 +0200  all  100,00    0,00    0,00    0,00    0,00    0,00    0,00    0,00    0,00    0,00
		kl. 01.30 +0200  all   77,61    0,00   22,39    0,00    0,00    0,00    0,00    0,00    0,00    0,00
		kl. 01.30 +0200  all   86,43    0,00   13,57    0,00    0,00    0,00    0,00    0,00    0,00    0,00
		kl. 01.30 +0200  all  100,00    0,00    0,00    0,00    0,00    0,00    0,00    0,00    0,00    0,00
		kl. 01.30 +0200  all   87,50    0,00   12,50    0,00    0,00    0,00    0,00    0,00    0,00    0,00
		kl. 01.30 +0200  all   66,00    0,00   34,00    0,00    0,00    0,00    0,00    0,00    0,00    0,00
		kl. 01.30 +0200  all   64,00    0,00   35,50    0,00    0,00    0,50    0,00    0,00    0,00    0,00
		kl. 01.30 +0200  all   65,17    0,00   34,83    0,00    0,00    0,00    0,00    0,00    0,00    0,00

		kl. 01.30 +0200  CPU    %usr   %nice    %sys %iowait    %irq   %soft  %steal  %guest  %gnice   %idle
		kl. 01.30 +0200  all   71,86    0,00   28,14    0,00    0,00    0,00    0,00    0,00    0,00    0,00
		kl. 01.30 +0200  all   97,00    0,00    3,00    0,00    0,00    0,00    0,00    0,00    0,00    0,00
		kl. 01.30 +0200  all   97,50    0,00    2,50    0,00    0,00    0,00    0,00    0,00    0,00    0,00
	rtt: 
		1.117222
		pong
		1,0.000203
		2,0.000183
		4,0.000130
		8,0.000152
		16,0.000128
		32,0.000135
		64,0.000139
		128,0.000075
		256,0.000070
		512,0.000739
		1024,0.000065
		2048,0.000093
		4096,0.000102
		8192,0.000103
		16384,0.000122
		32768,0.000155
		65536,0.000195
		131072,0.000359
		262144,0.000653
		524288,0.001113
		1048576,0.002303
		2097152,0.004217
		4194304,0.041729
		8388608,0.027529
		16777216,0.116265
		33554432,0.181384
		67108864,0.376779
		134217728,0.511543
		268435456,1.069519
		536870912,2.166798

Result 3:
	server:
		kl. 01.33 +0200  all  100,00    0,00    0,00    0,00    0,00    0,00    0,00    0,00    0,00    0,00
		kl. 01.33 +0200  all   70,50    0,00   29,50    0,00    0,00    0,00    0,00    0,00    0,00    0,00
		kl. 01.33 +0200  all   96,00    0,00    4,00    0,00    0,00    0,00    0,00    0,00    0,00    0,00
		kl. 01.33 +0200  all   70,65    0,00   29,35    0,00    0,00    0,00    0,00    0,00    0,00    0,00
		kl. 01.33 +0200  all   72,50    0,00   27,50    0,00    0,00    0,00    0,00    0,00    0,00    0,00
		kl. 01.33 +0200  all   61,50    0,00   38,50    0,00    0,00    0,00    0,00    0,00    0,00    0,00
		kl. 01.33 +0200  all   59,20    0,00   40,30    0,00    0,00    0,50    0,00    0,00    0,00    0,00
		kl. 01.33 +0200  all   85,00    0,00   15,00    0,00    0,00    0,00    0,00    0,00    0,00    0,00
		kl. 01.33 +0200  all  100,00    0,00    0,00    0,00    0,00    0,00    0,00    0,00    0,00    0,00

	client:
		kl. 01.33 +0200  all   97,50    0,00    2,50    0,00    0,00    0,00    0,00    0,00    0,00    0,00
		kl. 01.33 +0200  all   78,50    0,00   21,50    0,00    0,00    0,00    0,00    0,00    0,00    0,00
		kl. 01.33 +0200  all   85,00    0,00   15,00    0,00    0,00    0,00    0,00    0,00    0,00    0,00
		kl. 01.33 +0200  all   96,00    0,00    4,00    0,00    0,00    0,00    0,00    0,00    0,00    0,00
		kl. 01.33 +0200  all   73,63    0,00   26,37    0,00    0,00    0,00    0,00    0,00    0,00    0,00
		kl. 01.33 +0200  all   65,83    0,00   34,17    0,00    0,00    0,00    0,00    0,00    0,00    0,00
		kl. 01.33 +0200  all   63,18    0,00   36,82    0,00    0,00    0,00    0,00    0,00    0,00    0,00
		kl. 01.33 +0200  all   60,50    0,00   39,50    0,00    0,00    0,00    0,00    0,00    0,00    0,00
		kl. 01.33 +0200  all   77,39    0,00   22,61    0,00    0,00    0,00    0,00    0,00    0,00    0,00
		kl. 01.33 +0200  all   97,00    0,00    3,00    0,00    0,00    0,00    0,00    0,00    0,00    0,00
		kl. 01.33 +0200  all   95,50    0,00    4,50    0,00    0,00    0,00    0,00    0,00    0,00    0,00
	rtt: 
		0.986213
		pong
		1,0.000194
		2,0.000176
		4,0.000131
		8,0.000138
		16,0.000147
		32,0.000135
		64,0.000124
		128,0.000116
		256,0.000070
		512,0.000075
		1024,0.000103
		2048,0.000076
		4096,0.000075
		8192,0.000123
		16384,0.000122
		32768,0.000157
		65536,0.000200
		131072,0.000365
		262144,0.000639
		524288,0.001100
		1048576,0.002314
		2097152,0.004261
		4194304,0.026445
		8388608,0.037308
		16777216,0.078827
		33554432,0.216301
		67108864,0.170022
		134217728,0.424545
		268435456,1.220917
		536870912,2.089983

Result 4:
	server:
		kl. 01.35 +0200  all  100,00    0,00    0,00    0,00    0,00    0,00    0,00    0,00    0,00    0,00
		kl. 01.35 +0200  all   73,37    0,00   26,63    0,00    0,00    0,00    0,00    0,00    0,00    0,00
		kl. 01.35 +0200  all   93,50    0,00    6,50    0,00    0,00    0,00    0,00    0,00    0,00    0,00
		kl. 01.35 +0200  all   76,50    0,00   23,50    0,00    0,00    0,00    0,00    0,00    0,00    0,00
		kl. 01.35 +0200  all   73,00    0,00   27,00    0,00    0,00    0,00    0,00    0,00    0,00    0,00
		kl. 01.35 +0200  all   64,50    0,00   35,50    0,00    0,00    0,00    0,00    0,00    0,00    0,00
		kl. 01.35 +0200  all   74,50    0,00   25,50    0,00    0,00    0,00    0,00    0,00    0,00    0,00
		kl. 01.35 +0200  all   70,00    0,00   30,00    0,00    0,00    0,00    0,00    0,00    0,00    0,00
		kl. 01.35 +0200  all  100,00    0,00    0,00    0,00    0,00    0,00    0,00    0,00    0,00    0,00

	client:
		kl. 01.35 +0200  all  100,00    0,00    0,00    0,00    0,00    0,00    0,00    0,00    0,00    0,00
		kl. 01.35 +0200  all   99,50    0,00    0,50    0,00    0,00    0,00    0,00    0,00    0,00    0,00
		kl. 01.35 +0200  all   99,00    0,00    1,00    0,00    0,00    0,00    0,00    0,00    0,00    0,00
		kl. 01.35 +0200  all   74,37    0,00   25,63    0,00    0,00    0,00    0,00    0,00    0,00    0,00
		kl. 01.35 +0200  all   93,03    0,00    6,97    0,00    0,00    0,00    0,00    0,00    0,00    0,00
		kl. 01.35 +0200  all  100,00    0,00    0,00    0,00    0,00    0,00    0,00    0,00    0,00    0,00
		kl. 01.35 +0200  all   79,00    0,00   21,00    0,00    0,00    0,00    0,00    0,00    0,00    0,00
		kl. 01.35 +0200  all   64,82    0,00   35,18    0,00    0,00    0,00    0,00    0,00    0,00    0,00
		kl. 01.35 +0200  all   64,18    0,00   35,82    0,00    0,00    0,00    0,00    0,00    0,00    0,00
		kl. 01.35 +0200  all   65,83    0,00   34,17    0,00    0,00    0,00    0,00    0,00    0,00    0,00

		kl. 01.35 +0200  CPU    %usr   %nice    %sys %iowait    %irq   %soft  %steal  %guest  %gnice   %idle
		kl. 01.35 +0200  all   75,00    0,00   25,00    0,00    0,00    0,00    0,00    0,00    0,00    0,00
		kl. 01.35 +0200  all   95,02    0,00    4,98    0,00    0,00    0,00    0,00    0,00    0,00    0,00
		kl. 01.35 +0200  all  100,00    0,00    0,00    0,00    0,00    0,00    0,00    0,00    0,00    0,00

	rtt: 
		1.209298
		pong
		1,0.000193
		2,0.000183
		4,0.000124
		8,0.000153
		16,0.000128
		32,0.000136
		64,0.000136
		128,0.000076
		256,0.000069
		512,0.000115
		1024,0.000063
		2048,0.000078
		4096,0.000112
		8192,0.000085
		16384,0.000120
		32768,0.000158
		65536,0.000199
		131072,0.000362
		262144,0.000642
		524288,0.001136
		1048576,0.002332
		2097152,0.004270
		4194304,0.019505
		8388608,0.075155
		16777216,0.082560
		33554432,0.143193
		67108864,0.274910
		134217728,0.594943
		268435456,1.101886
		536870912,2.171760

Result 5:
	server:
		kl. 01.37 +0200  all  100,00    0,00    0,00    0,00    0,00    0,00    0,00    0,00    0,00    0,00
		kl. 01.37 +0200  all   90,00    0,00   10,00    0,00    0,00    0,00    0,00    0,00    0,00    0,00
		kl. 01.37 +0200  all   75,00    0,00   25,00    0,00    0,00    0,00    0,00    0,00    0,00    0,00
		kl. 01.37 +0200  all   93,50    0,00    6,50    0,00    0,00    0,00    0,00    0,00    0,00    0,00
		kl. 01.37 +0200  all   67,66    0,00   32,34    0,00    0,00    0,00    0,00    0,00    0,00    0,00
		kl. 01.37 +0200  all   64,82    0,00   35,18    0,00    0,00    0,00    0,00    0,00    0,00    0,00
		kl. 01.37 +0200  all   69,15    0,00   30,85    0,00    0,00    0,00    0,00    0,00    0,00    0,00
		kl. 01.37 +0200  all   68,84    0,00   31,16    0,00    0,00    0,00    0,00    0,00    0,00    0,00
		kl. 01.37 +0200  all   99,50    0,00    0,50    0,00    0,00    0,00    0,00    0,00    0,00    0,00
		kl. 01.37 +0200  all  100,00    0,00    0,00    0,00    0,00    0,00    0,00    0,00    0,00    0,00

	client:
		kl. 01.37 +0200  all   97,99    0,00    2,01    0,00    0,00    0,00    0,00    0,00    0,00    0,00
		kl. 01.37 +0200  all   72,00    0,00   28,00    0,00    0,00    0,00    0,00    0,00    0,00    0,00
		kl. 01.37 +0200  all   90,55    0,00    9,45    0,00    0,00    0,00    0,00    0,00    0,00    0,00
		kl. 01.37 +0200  all   97,49    0,00    2,51    0,00    0,00    0,00    0,00    0,00    0,00    0,00
		kl. 01.37 +0200  all   77,00    0,00   23,00    0,00    0,00    0,00    0,00    0,00    0,00    0,00
		kl. 01.37 +0200  all   64,00    0,00   36,00    0,00    0,00    0,00    0,00    0,00    0,00    0,00
		kl. 01.37 +0200  all   62,69    0,00   36,82    0,00    0,00    0,00    0,00    0,00    0,00    0,50
		kl. 01.37 +0200  all   66,50    0,00   33,50    0,00    0,00    0,00    0,00    0,00    0,00    0,00
		kl. 01.37 +0200  all   88,00    0,00   12,00    0,00    0,00    0,00    0,00    0,00    0,00    0,00
	rtt: 
		1.143641
		pong
		1,0.000194
		2,0.000190
		4,0.000136
		8,0.000150
		16,0.000126
		32,0.000137
		64,0.000138
		128,0.000077
		256,0.000071
		512,0.000113
		1024,0.000064
		2048,0.000079
		4096,0.000110
		8192,0.000083
		16384,0.000123
		32768,0.000158
		65536,0.000193
		131072,0.000359
		262144,0.000646
		524288,0.001791
		1048576,0.002472
		2097152,0.004249
		4194304,0.016017
		8388608,0.048484
		16777216,0.086089
		33554432,0.172914
		67108864,0.204287
		134217728,0.478887
		268435456,1.052215
		536870912,1.788378

Result 6:
	server:
		kl. 01.38 +0200  all  100,00    0,00    0,00    0,00    0,00    0,00    0,00    0,00    0,00    0,00
		kl. 01.38 +0200  all   97,99    0,00    2,01    0,00    0,00    0,00    0,00    0,00    0,00    0,00
		kl. 01.38 +0200  all   74,63    0,00   25,37    0,00    0,00    0,00    0,00    0,00    0,00    0,00
		kl. 01.38 +0200  all   93,47    0,00    6,53    0,00    0,00    0,00    0,00    0,00    0,00    0,00
		kl. 01.38 +0200  all   76,50    0,00   23,50    0,00    0,00    0,00    0,00    0,00    0,00    0,00
		kl. 01.38 +0200  all   62,00    0,00   38,00    0,00    0,00    0,00    0,00    0,00    0,00    0,00
		kl. 01.38 +0200  all   65,50    0,00   34,50    0,00    0,00    0,00    0,00    0,00    0,00    0,00
		kl. 01.38 +0200  all   60,00    0,00   40,00    0,00    0,00    0,00    0,00    0,00    0,00    0,00
		kl. 01.38 +0200  all   92,54    0,00    7,46    0,00    0,00    0,00    0,00    0,00    0,00    0,00
		kl. 01.38 +0200  all  100,00    0,00    0,00    0,00    0,00    0,00    0,00    0,00    0,00    0,00

	client:
		kl. 01.38 +0200  all  100,00    0,00    0,00    0,00    0,00    0,00    0,00    0,00    0,00    0,00
		kl. 01.38 +0200  all   94,47    0,00    5,53    0,00    0,00    0,00    0,00    0,00    0,00    0,00
		kl. 01.38 +0200  all   73,00    0,00   27,00    0,00    0,00    0,00    0,00    0,00    0,00    0,00
		kl. 01.38 +0200  all   96,50    0,00    3,50    0,00    0,00    0,00    0,00    0,00    0,00    0,00
		kl. 01.38 +0200  all   99,00    0,00    1,00    0,00    0,00    0,00    0,00    0,00    0,00    0,00
		kl. 01.38 +0200  all   71,50    0,00   28,00    0,00    0,00    0,50    0,00    0,00    0,00    0,00
		kl. 01.38 +0200  all   60,50    0,00   39,50    0,00    0,00    0,00    0,00    0,00    0,00    0,00

		kl. 01.38 +0200  CPU    %usr   %nice    %sys %iowait    %irq   %soft  %steal  %guest  %gnice   %idle
		kl. 01.38 +0200  all   64,50    0,00   35,50    0,00    0,00    0,00    0,00    0,00    0,00    0,00
		kl. 01.38 +0200  all   59,20    0,00   40,80    0,00    0,00    0,00    0,00    0,00    0,00    0,00
		kl. 01.38 +0200  all   90,95    0,00    9,05    0,00    0,00    0,00    0,00    0,00    0,00    0,00
		kl. 01.38 +0200  all   97,00    0,00    3,00    0,00    0,00    0,00    0,00    0,00    0,00    0,00
		kl. 01.38 +0200  all   99,50    0,00    0,50    0,00    0,00    0,00    0,00    0,00    0,00    0,00
		kl. 01.38 +0200  all  100,00    0,00    0,00    0,00    0,00    0,00    0,00    0,00    0,00    0,00
	rtt: 
		1.280197
		pong
		1,0.000203
		2,0.000179
		4,0.000127
		8,0.000151
		16,0.000127
		32,0.000134
		64,0.000136
		128,0.000076
		256,0.000070
		512,0.000096
		1024,0.000065
		2048,0.000079
		4096,0.000083
		8192,0.000111
		16384,0.000120
		32768,0.000159
		65536,0.001097
		131072,0.000355
		262144,0.000638
		524288,0.001121
		1048576,0.002389
		2097152,0.018929
		4194304,0.009463
		8388608,0.063541
		16777216,0.068907
		33554432,0.092528
		67108864,0.291879
		134217728,0.515867
		268435456,1.055868
		536870912,1.823388

Result 7:
	server:
		kl. 20.19 +0200  all  100,00    0,00    0,00    0,00    0,00    0,00    0,00    0,00    0,00    0,00
		kl. 20.19 +0200  all   96,50    0,00    3,50    0,00    0,00    0,00    0,00    0,00    0,00    0,00
		kl. 20.19 +0200  all   68,06    0,00   31,94    0,00    0,00    0,00    0,00    0,00    0,00    0,00
		kl. 20.19 +0200  all  100,00    0,00    0,00    0,00    0,00    0,00    0,00    0,00    0,00    0,00
		kl. 20.19 +0200  all   75,62    0,00   24,38    0,00    0,00    0,00    0,00    0,00    0,00    0,00
		kl. 20.19 +0200  all   69,50    0,00   30,50    0,00    0,00    0,00    0,00    0,00    0,00    0,00
		kl. 20.19 +0200  all   69,00    0,00   31,00    0,00    0,00    0,00    0,00    0,00    0,00    0,00
		kl. 20.19 +0200  all   67,00    0,00   33,00    0,00    0,00    0,00    0,00    0,00    0,00    0,00
		kl. 20.19 +0200  all   78,00    0,00   22,00    0,00    0,00    0,00    0,00    0,00    0,00    0,00
		kl. 20.19 +0200  all  100,00    0,00    0,00    0,00    0,00    0,00    0,00    0,00    0,00    0,00

	client:
		kl. 20.19 +0200  all   99,50    0,00    0,50    0,00    0,00    0,00    0,00    0,00    0,00    0,00
		kl. 20.19 +0200  all   97,50    0,00    2,50    0,00    0,00    0,00    0,00    0,00    0,00    0,00
		kl. 20.19 +0200  all   86,50    0,00   13,50    0,00    0,00    0,00    0,00    0,00    0,00    0,00
		kl. 20.19 +0200  all   76,11    0,00   23,89    0,00    0,00    0,00    0,00    0,00    0,00    0,00
		kl. 20.19 +0200  all  100,00    0,00    0,00    0,00    0,00    0,00    0,00    0,00    0,00    0,00
		kl. 20.19 +0200  all   98,50    0,00    1,50    0,00    0,00    0,00    0,00    0,00    0,00    0,00
		kl. 20.19 +0200  all   70,65    0,00   29,35    0,00    0,00    0,00    0,00    0,00    0,00    0,00
		kl. 20.19 +0200  all   63,00    0,00   37,00    0,00    0,00    0,00    0,00    0,00    0,00    0,00
		kl. 20.19 +0200  all   63,82    0,00   36,18    0,00    0,00    0,00    0,00    0,00    0,00    0,00
		kl. 20.19 +0200  all   67,00    0,00   33,00    0,00    0,00    0,00    0,00    0,00    0,00    0,00
		kl. 20.19 +0200  all   88,50    0,00   11,50    0,00    0,00    0,00    0,00    0,00    0,00    0,00
		kl. 20.19 +0200  all   95,00    0,00    5,00    0,00    0,00    0,00    0,00    0,00    0,00    0,00
		kl. 20.19 +0200  all   98,50    0,00    1,50    0,00    0,00    0,00    0,00    0,00    0,00    0,00

	rtt:
		1.263465
		pong
		1,0.000206
		2,0.000205
		4,0.000143
		8,0.000144
		16,0.000133
		32,0.000134
		64,0.000129
		128,0.000108
		256,0.000070
		512,0.000085
		1024,0.000090
		2048,0.000082
		4096,0.000082
		8192,0.000115
		16384,0.000120
		32768,0.000157
		65536,0.000193
		131072,0.000357
		262144,0.000650
		524288,0.001146
		1048576,0.002366
		2097152,0.004334
		4194304,0.019524
		8388608,0.048112
		16777216,0.105071
		33554432,0.201659
		67108864,0.239720
		134217728,0.734189
		268435456,0.921640
		536870912,2.082853

