Result 1:
	server:
		kl. 17.57 +0200  all    4,76    0,00    2,38    0,00    0,00    0,00    0,00    0,00    0,00   92,86
		kl. 17.57 +0200  all    8,13    0,00   21,53    0,00    0,00    0,00    0,00    0,00    0,00   70,33
		kl. 17.57 +0200  all    5,31    0,00   15,94    0,00    0,00    0,00    0,00    0,00    0,00   78,74
		kl. 17.58 +0200  all    2,44    0,00   26,22    0,00    0,00    3,05    0,00    0,00    0,00   68,29
		kl. 17.58 +0200  all    1,03    0,00   61,86    0,00    0,00   10,82    0,00    0,00    0,00   26,29
		kl. 17.58 +0200  all    0,52    0,00   71,65    0,00    0,00    6,70    0,00    0,00    0,00   21,13
		kl. 17.58 +0200  all    0,51    0,00   73,74    0,00    0,00    5,56    0,00    0,00    0,00   20,20
		kl. 17.58 +0200  all    1,00    0,00   49,25    1,49    0,00    0,50    0,00    0,00    0,00   47,76
		kl. 17.58 +0200  all    3,81    0,00    3,33    0,00    0,00    0,00    0,00    0,00    0,00   92,86
		kl. 17.58 +0200  all    5,61    0,00    3,27    0,00    0,00    0,00    0,00    0,00    0,00   91,12

		kl. 17.58 +0200  CPU    %usr   %nice    %sys %iowait    %irq   %soft  %steal  %guest  %gnice   %idle
		kl. 17.58 +0200  all    6,02    0,00    3,24    0,00    0,00    0,46    0,00    0,00    0,00   90,28

	client:
		kl. 17.57 +0200  all    0,00    0,00    0,00    0,51    0,00    0,00    0,00    0,00    0,00   99,49
		kl. 17.57 +0200  all    3,57    0,00   24,49    0,51    0,00    0,00    0,00    0,00    0,00   71,43
		kl. 17.57 +0200  all    6,16    0,00   12,80    0,00    0,00    0,00    0,00    0,00    0,00   81,04
		kl. 17.57 +0200  all    4,46    0,00    4,46    0,00    0,00    0,00    0,00    0,00    0,00   91,09
		kl. 17.58 +0200  all    5,00    0,00   59,00    0,00    0,00    3,50    0,00    0,00    0,00   32,50
		kl. 17.58 +0200  all    4,43    0,00   68,97    0,00    0,00    5,91    0,00    0,00    0,00   20,69
		kl. 17.58 +0200  all    1,00    0,00   93,53    0,00    0,00    1,99    0,00    0,00    0,00    3,48
		kl. 17.58 +0200  all    1,04    0,00   45,08    0,52    0,00   10,36    0,00    0,00    0,00   43,01
		kl. 17.58 +0200  all    0,00    0,00    2,56    0,00    0,00    0,00    0,00    0,00    0,00   97,44
	rtt: 
		0.734776
		pong
		1,0.000146
		2,0.000091
		4,0.000047
		8,0.000039
		16,0.000044
		32,0.000041
		64,0.000039
		128,0.000040
		256,0.000039
		512,0.000045
		1024,0.000039
		2048,0.000045
		4096,0.397553
		8192,0.001053
		16384,0.000157
		32768,0.000234
		65536,0.000349
		131072,0.000642
		262144,0.000955
		524288,0.001751
		1048576,0.003524
		2097152,0.007525
		4194304,0.014557
		8388608,0.030576
		16777216,0.058472
		33554432,0.117194
		67108864,0.238439
		134217728,0.468445
		268435456,0.945991
		536870912,1.861876

Result 2:
	server:
		kl. 18.00 +0200  all    0,51    0,00    0,00    0,00    0,00    0,00    0,00    0,00    0,00   99,49
		kl. 18.00 +0200  all    3,06    0,00   31,63    0,00    0,00    0,00    0,00    0,00    0,00   65,31
		kl. 18.00 +0200  all    2,53    0,00    4,04    0,00    0,00    0,00    0,00    0,00    0,00   93,43
		kl. 18.00 +0200  all    1,02    0,00   63,96    0,00    0,00    6,60    0,00    0,00    0,00   28,43
		kl. 18.00 +0200  all    0,51    0,00   73,10    0,00    0,00    7,61    0,00    0,00    0,00   18,78
		kl. 18.00 +0200  all    0,51    0,00   47,72    0,00    0,00   15,23    0,00    0,00    0,00   36,55
		kl. 18.00 +0200  all    5,50    0,00   86,00    0,00    0,00    2,00    0,00    0,00    0,00    6,50
		kl. 18.00 +0200  all    5,66    0,00    2,36    0,00    0,00    0,00    0,00    0,00    0,00   91,98

	client:
		kl. 18.00 +0200  all    5,21    0,00    2,37    0,00    0,00    0,00    0,00    0,00    0,00   92,42
		kl. 18.00 +0200  all    4,78    0,00    7,66    0,00    0,00    0,00    0,00    0,00    0,00   87,56
		kl. 18.00 +0200  all    7,14    0,00   30,00    0,00    0,00    0,00    0,00    0,00    0,00   62,86
		kl. 18.00 +0200  all    2,48    0,00    0,99    0,00    0,00    0,00    0,00    0,00    0,00   96,53
		kl. 18.00 +0200  all    1,49    0,00   52,74    0,00    0,00    1,99    0,00    0,00    0,00   43,78
		kl. 18.00 +0200  all    0,00    0,00   73,60    1,52    0,00    7,61    0,00    0,00    0,00   17,26
		kl. 18.00 +0200  all    1,01    0,00   83,84    0,00    0,00    4,04    0,00    0,00    0,00   11,11
		kl. 18.00 +0200  all    3,48    0,00   57,21    0,00    0,00    8,96    0,00    0,00    0,00   30,35
		kl. 18.00 +0200  all    4,27    0,00   10,43    0,00    0,00    2,37    0,00    0,00    0,00   82,94

	rtt: 
		0.734475
		pong
		1,0.000135
		2,0.000074
		4,0.000044
		8,0.000040
		16,0.000040
		32,0.000039
		64,0.000041
		128,0.000042
		256,0.000038
		512,0.000045
		1024,0.000038
		2048,0.000046
		4096,0.000167
		8192,0.000135
		16384,0.000165
		32768,0.000228
		65536,0.000343
		131072,0.000602
		262144,0.000916
		524288,0.001754
		1048576,0.004096
		2097152,0.007040
		4194304,0.014961
		8388608,0.030090
		16777216,0.059507
		33554432,0.120722
		67108864,0.242831
		134217728,0.480287
		268435456,0.962802
		536870912,1.879832
Result 3:
	server:
		kl. 18.03 +0200  all    2,02    0,00    5,56    0,00    0,00    0,00    0,00    0,00    0,00   92,42
		kl. 18.03 +0200  all    3,61    0,00   29,38    0,00    0,00    0,00    0,00    0,00    0,00   67,01
		kl. 18.03 +0200  all    1,50    0,00   23,00    0,00    0,00    4,00    0,00    0,00    0,00   71,50
		kl. 18.03 +0200  all    0,51    0,00   62,94    0,51    0,00   10,66    0,00    0,00    0,00   25,38
		kl. 18.03 +0200  all    1,02    0,00   71,07    0,00    0,00    7,61    0,00    0,00    0,00   20,30
		kl. 18.03 +0200  all    1,01    0,00   70,20    0,00    0,00    8,08    0,00    0,00    0,00   20,71
		kl. 18.03 +0200  all    0,51    0,00   47,72    0,00    0,00    3,05    0,00    0,00    0,00   48,73
		kl. 18.03 +0200  all    1,52    0,00    0,00    0,00    0,00    0,00    0,00    0,00    0,00   98,48

	client:
		kl. 18.03 +0200  all    0,51    0,00    0,00    0,00    0,00    0,00    0,00    0,00    0,00   99,49
		kl. 18.03 +0200  all    2,99    0,00    6,97    0,00    0,00    0,00    0,00    0,00    0,00   90,05
		kl. 18.03 +0200  all    8,49    0,00   28,30    0,00    0,00    0,00    0,00    0,00    0,00   63,21
		kl. 18.03 +0200  all    5,24    0,00    2,38    0,00    0,00    0,00    0,00    0,00    0,00   92,38
		kl. 18.03 +0200  all    2,45    0,00   52,45    0,00    0,00    3,92    0,00    0,00    0,00   41,18
		kl. 18.03 +0200  all    0,00    0,00   71,94    0,51    0,00    8,16    0,00    0,00    0,00   19,39
		kl. 18.03 +0200  all    1,52    0,00   84,77    0,00    0,00    3,05    0,00    0,00    0,00   10,66
		kl. 18.03 +0200  all    0,50    0,00   59,30    0,00    0,00    9,05    0,00    0,00    0,00   31,16
		kl. 18.03 +0200  all    0,51    0,00   10,66    0,00    0,00    1,52    0,00    0,00    0,00   87,31

	rtt: 
		0.732762
		pong
		1,0.000147
		2,0.000069
		4,0.000055
		8,0.000054
		16,0.000058
		32,0.000042
		64,0.000041
		128,0.000044
		256,0.000040
		512,0.000046
		1024,0.000040
		2048,0.000046
		4096,0.000163
		8192,0.000137
		16384,0.000164
		32768,0.000233
		65536,0.000337
		131072,0.000585
		262144,0.000973
		524288,0.001797
		1048576,0.003844
		2097152,0.007277
		4194304,0.015246
		8388608,0.029842
		16777216,0.060064
		33554432,0.118510
		67108864,0.241540
		134217728,0.486006
		268435456,0.956261
		536870912,1.926586

Result 4:
	server:
		kl. 18.04 +0200  all    7,50    0,00    3,00    0,00    0,00    0,00    0,00    0,00    0,00   89,50
		kl. 18.04 +0200  all    1,52    0,00    0,00    1,01    0,00    0,00    0,00    0,00    0,00   97,47
		kl. 18.04 +0200  all    1,51    0,00    0,50    0,00    0,00    0,00    0,00    0,00    0,00   97,99
		kl. 18.04 +0200  all    5,10    0,00   34,18    0,00    0,00    0,00    0,00    0,00    0,00   60,71
		kl. 18.04 +0200  all    0,00    0,00    6,12    0,00    0,00    1,02    0,00    0,00    0,00   92,86
		kl. 18.04 +0200  all    0,00    0,00   69,23    0,00    0,00    8,72    0,00    0,00    0,00   22,05
		kl. 18.04 +0200  all    1,02    0,00   70,92    0,00    0,00    6,63    0,00    0,00    0,00   21,43
		kl. 18.04 +0200  all    1,02    0,00   63,27    0,00    0,00    7,14    0,00    0,00    0,00   28,57
		kl. 18.04 +0200  all    3,45    0,00   70,44    0,00    0,00    0,49    0,00    0,00    0,00   25,62
		kl. 18.04 +0200  all    5,21    0,00    3,32    0,00    0,00    0,00    0,00    0,00    0,00   91,47

	client:
		kl. 18.04 +0200  all    0,00    0,00    0,00    0,00    0,00    0,00    0,00    0,00    0,00  100,00
		kl. 18.04 +0200  all    0,00    0,00    0,00    0,00    0,00    0,00    0,00    0,00    0,00  100,00
		kl. 18.04 +0200  all    3,06    0,00   24,49    0,51    0,00    0,00    0,00    0,00    0,00   71,94
		kl. 18.04 +0200  all    2,03    0,00    9,64    0,00    0,00    0,00    0,00    0,00    0,00   88,32
		kl. 18.04 +0200  all    0,00    0,00    4,12    0,00    0,00    0,52    0,00    0,00    0,00   95,36
		kl. 18.04 +0200  all    1,00    0,00   76,00    0,00    0,00    5,50    0,00    0,00    0,00   17,50
		kl. 18.04 +0200  all    4,43    0,00   71,43    0,00    0,00    6,40    0,00    0,00    0,00   17,73
		kl. 18.04 +0200  all    2,54    0,00   82,74    0,00    0,00    4,57    0,00    0,00    0,00   10,15
		kl. 18.04 +0200  all    0,52    0,00   33,33    1,04    0,00    8,85    0,00    0,00    0,00   56,25
		kl. 18.04 +0200  all    1,03    0,00    2,58    0,00    0,00    0,00    0,00    0,00    0,00   96,39
		kl. 18.04 +0200  all    0,00    0,00    0,00    0,00    0,00    0,00    0,00    0,00    0,00  100,00
		kl. 18.04 +0200  all    0,00    0,00    0,00    0,00    0,00    0,00    0,00    0,00    0,00  100,00

	rtt:
		0.735378
		pong
		1,0.000180
		2,0.000075
		4,0.000044
		8,0.000041
		16,0.000039
		32,0.000039
		64,0.000040
		128,0.000041
		256,0.000042
		512,0.000045
		1024,0.000037
		2048,0.000046
		4096,0.000159
		8192,0.000135
		16384,0.000162
		32768,0.000233
		65536,0.000327
		131072,0.000638
		262144,0.000959
		524288,0.001783
		1048576,0.003759
		2097152,0.007581
		4194304,0.015072
		8388608,0.029523
		16777216,0.060066
		33554432,0.118874
		67108864,0.233745
		134217728,0.474719
		268435456,0.937244
		536870912,1.897326
 
Result 5:
	server:
		kl. 18.05 +0200  all    6,10    0,00    2,35    0,00    0,00    0,00    0,00    0,00    0,00   91,55
		kl. 18.05 +0200  all    3,35    0,00    6,22    3,83    0,00    0,00    0,00    0,00    0,00   86,60
		kl. 18.05 +0200  all    7,43    0,00   30,69    0,00    0,00    0,00    0,00    0,00    0,00   61,88
		kl. 18.05 +0200  all    0,51    0,00   20,41    0,00    0,00    3,06    0,00    0,00    0,00   76,02
		kl. 18.05 +0200  all    1,02    0,00   65,31    0,00    0,00    8,16    0,00    0,00    0,00   25,51
		kl. 18.05 +0200  all    1,02    0,00   69,54    0,00    0,00    8,12    0,00    0,00    0,00   21,32
		kl. 18.05 +0200  all    0,00    0,00   69,23    0,00    0,00    7,69    0,00    0,00    0,00   23,08
		kl. 18.05 +0200  all    1,99    0,00   56,72    0,00    0,00    0,50    0,00    0,00    0,00   40,80
		kl. 18.05 +0200  all    0,50    0,00    1,51    0,00    0,00    0,00    0,00    0,00    0,00   97,99
		kl. 18.05 +0200  all    3,38    0,00    1,93    0,48    0,00    0,00    0,00    0,00    0,00   94,20

	client:
		kl. 18.05 +0200  all    4,27    0,00    3,32    0,00    0,00    0,00    0,00    0,00    0,00   92,42
		kl. 18.05 +0200  all    5,77    0,00    1,44    0,00    0,00    0,00    0,00    0,00    0,00   92,79
		kl. 18.05 +0200  all    6,28    0,00   17,39    0,00    0,00    0,00    0,00    0,00    0,00   76,33
		kl. 18.05 +0200  all    2,55    0,00   17,35    0,00    0,00    0,00    0,00    0,00    0,00   80,10
		kl. 18.05 +0200  all    0,00    0,00    0,00    0,00    0,00    0,00    0,00    0,00    0,00  100,00
		kl. 18.05 +0200  all    1,49    0,00   64,68    0,00    0,00    7,46    0,00    0,00    0,00   26,37
		kl. 18.05 +0200  all    0,00    0,00   70,05    0,00    0,00    8,63    0,00    0,00    0,00   21,32
		kl. 18.05 +0200  all    0,50    0,00   96,50    0,00    0,00    0,50    0,00    0,00    0,00    2,50
		kl. 18.05 +0200  all    4,33    0,00   45,19    0,00    0,00   10,58    0,00    0,00    0,00   39,90
		kl. 18.05 +0200  all    4,74    0,00    5,69    0,00    0,00    0,00    0,00    0,00    0,00   89,57
		kl. 18.05 +0200  all    4,29    0,00    2,86    0,00    0,00    0,00    0,00    0,00    0,00   92,86
	rtt: 
		0.735509
		pong
		1,0.000140
		2,0.000104
		4,0.000231
		8,0.000041
		16,0.000040
		32,0.000044
		64,0.000041
		128,0.000040
		256,0.000039
		512,0.000046
		1024,0.000038
		2048,0.000045
		4096,0.000158
		8192,0.000143
		16384,0.000164
		32768,0.000250
		65536,0.000343
		131072,0.000576
		262144,0.000933
		524288,0.001796
		1048576,0.003832
		2097152,0.007373
		4194304,0.014957
		8388608,0.031177
		16777216,0.061363
		33554432,0.121047
		67108864,0.235128
		134217728,0.481367
		268435456,0.955720
		536870912,1.932695

Result 6:
	server:
		kl. 18.06 +0200  all    0,00    0,00    0,00    0,00    0,00    0,00    0,00    0,00    0,00  100,00
		kl. 18.06 +0200  all    2,55    0,00   21,43    0,00    0,00    0,00    0,00    0,00    0,00   76,02
		kl. 18.06 +0200  all    1,03    0,00   14,43    0,00    0,00    0,00    0,00    0,00    0,00   84,54
		kl. 18.06 +0200  all    0,99    0,00   46,80    0,00    0,00    5,42    0,00    0,00    0,00   46,80
		kl. 18.06 +0200  all    3,98    0,00   73,63    0,00    0,00    3,98    0,00    0,00    0,00   18,41
		kl. 18.06 +0200  all    3,52    0,00   56,78    0,00    0,00    8,54    0,00    0,00    0,00   31,16
		kl. 18.07 +0200  all    1,53    0,00   88,78    0,00    0,00    4,08    0,00    0,00    0,00    5,61
		kl. 18.07 +0200  all    1,01    0,00   14,65    0,00    0,00    0,00    0,00    0,00    0,00   84,34

		kl. 18.07 +0200  CPU    %usr   %nice    %sys %iowait    %irq   %soft  %steal  %guest  %gnice   %idle
		kl. 18.07 +0200  all    0,00    0,00    0,00    0,00    0,00    0,00    0,00    0,00    0,00  100,00

	client:
		kl. 18.06 +0200  all    0,00    0,00    0,00    0,51    0,00    0,00    0,00    0,00    0,00   99,49
		kl. 18.06 +0200  all    0,00    0,00    0,00    0,00    0,00    0,00    0,00    0,00    0,00  100,00
		kl. 18.06 +0200  all    5,10    0,00   23,98    0,00    0,00    0,00    0,00    0,00    0,00   70,92
		kl. 18.06 +0200  all    2,53    0,00    8,59    0,00    0,00    0,00    0,00    0,00    0,00   88,89
		kl. 18.06 +0200  all    2,00    0,00    7,00    0,00    0,00    0,00    0,00    0,00    0,00   91,00
		kl. 18.06 +0200  all    3,96    0,00   73,76    0,00    0,00    4,46    0,00    0,00    0,00   17,82
		kl. 18.06 +0200  all    0,00    0,00   74,11    0,00    0,00    7,11    0,00    0,00    0,00   18,78
		kl. 18.06 +0200  all    0,00    0,00   86,07    0,00    0,00    3,48    0,00    0,00    0,00   10,45
		kl. 18.07 +0200  all    5,69    0,00   34,60    0,95    0,00    9,00    0,00    0,00    0,00   49,76
		kl. 18.07 +0200  all    4,74    0,00    5,21    0,00    0,00    0,00    0,00    0,00    0,00   90,05
		kl. 18.07 +0200  all    4,76    0,00    2,38    0,00    0,00    0,00    0,00    0,00    0,00   92,86

	rtt: 
		0.740969
		pong
		1,0.000144
		2,0.000079
		4,0.000057
		8,0.000047
		16,0.000046
		32,0.000041
		64,0.000050
		128,0.000048
		256,0.000044
		512,0.000046
		1024,0.000039
		2048,0.000046
		4096,0.000160
		8192,0.000139
		16384,0.000153
		32768,0.000232
		65536,0.000338
		131072,0.000862
		262144,0.000948
		524288,0.001770
		1048576,0.003572
		2097152,0.007382
		4194304,0.014631
		8388608,0.030583
		16777216,0.060541
		33554432,0.120140
		67108864,0.242553
		134217728,0.474116
		268435456,0.934876
		536870912,1.907393

Result 7:
	server:
		kl. 18.08 +0200  all    1,01    0,00    0,00    0,51    0,00    0,00    0,00    0,00    0,00   98,48
		kl. 18.08 +0200  all    4,64    0,00   25,26    0,00    0,00    0,00    0,00    0,00    0,00   70,10
		kl. 18.08 +0200  all    2,02    0,00   10,10    1,01    0,00    0,00    0,00    0,00    0,00   86,87
		kl. 18.08 +0200  all    1,02    0,00   52,04    0,00    0,00    7,14    0,00    0,00    0,00   39,80
		kl. 18.08 +0200  all    0,51    0,00   73,23    0,00    0,00    7,07    0,00    0,00    0,00   19,19
		kl. 18.08 +0200  all    0,00    0,00   52,60    0,00    0,00   11,46    0,00    0,00    0,00   35,94

		kl. 18.08 +0200  CPU    %usr   %nice    %sys %iowait    %irq   %soft  %steal  %guest  %gnice   %idle
		kl. 18.08 +0200  all    0,50    0,00   97,51    0,00    0,00    1,00    0,00    0,00    0,00    1,00
		kl. 18.08 +0200  all    4,27    0,00    2,84    0,95    0,00    0,00    0,00    0,00    0,00   91,94

	client:
		kl. 18.08 +0200  all    0,00    0,00    0,00    0,00    0,00    0,00    0,00    0,00    0,00  100,00
		kl. 18.08 +0200  all    2,55    0,00   19,90    0,00    0,00    0,00    0,00    0,00    0,00   77,55
		kl. 18.08 +0200  all    3,57    0,00   14,80    0,00    0,00    0,00    0,00    0,00    0,00   81,63
		kl. 18.08 +0200  all    1,52    0,00    0,51    0,00    0,00    0,00    0,00    0,00    0,00   97,98
		kl. 18.08 +0200  all    1,00    0,00   70,00    0,00    0,00    5,50    0,00    0,00    0,00   23,50
		kl. 18.08 +0200  all    1,02    0,00   74,11    0,00    0,00    5,58    0,00    0,00    0,00   19,29
		kl. 18.08 +0200  all    0,50    0,00   91,50    0,00    0,00    2,00    0,00    0,00    0,00    6,00
		kl. 18.08 +0200  all    0,51    0,00   38,78    0,00    0,00    9,69    0,00    0,00    0,00   51,02

		kl. 18.08 +0200  CPU    %usr   %nice    %sys %iowait    %irq   %soft  %steal  %guest  %gnice   %idle
		kl. 18.08 +0200  all    1,02    0,00    2,54    0,00    0,00    0,00    0,00    0,00    0,00   96,45
		kl. 18.08 +0200  all    3,88    0,00    1,46    0,00    0,00    0,00    0,00    0,00    0,00   94,66

	rtt: 
		0.740904
		pong
		1,0.000149
		2,0.000070
		4,0.000046
		8,0.000043
		16,0.000042
		32,0.000042
		64,0.000042
		128,0.000044
		256,0.000042
		512,0.000048
		1024,0.000041
		2048,0.000048
		4096,0.000151
		8192,0.000146
		16384,0.000146
		32768,0.000238
		65536,0.000345
		131072,0.000552
		262144,0.000935
		524288,0.002064
		1048576,0.003903
		2097152,0.007043
		4194304,0.015034
		8388608,0.028970
		16777216,0.059430
		33554432,0.120620
		67108864,0.236513
		134217728,0.478837
		268435456,0.951198
		536870912,1.838203

