Result 1:
	server:
		kl. 18.10 +0200  all   99,50    0,00    0,50    0,00    0,00    0,00    0,00    0,00    0,00    0,00
		kl. 18.10 +0200  all  100,00    0,00    0,00    0,00    0,00    0,00    0,00    0,00    0,00    0,00
		kl. 18.10 +0200  all   71,50    0,00   28,50    0,00    0,00    0,00    0,00    0,00    0,00    0,00
		kl. 18.10 +0200  all   94,00    0,00    6,00    0,00    0,00    0,00    0,00    0,00    0,00    0,00
		kl. 18.10 +0200  all   71,36    0,00   20,60    0,00    0,00    8,04    0,00    0,00    0,00    0,00
		kl. 18.10 +0200  all   62,19    0,00   23,38    0,00    0,00   14,43    0,00    0,00    0,00    0,00
		kl. 18.10 +0200  all   65,33    0,00   25,13    0,00    0,00    9,55    0,00    0,00    0,00    0,00
		kl. 18.10 +0200  all   52,24    0,00   21,89    0,00    0,00   25,87    0,00    0,00    0,00    0,00
		kl. 18.10 +0200  all   65,50    0,00   26,00    0,00    0,00    8,50    0,00    0,00    0,00    0,00
		kl. 18.10 +0200  all   68,34    0,00   23,12    0,00    0,00    8,54    0,00    0,00    0,00    0,00
		kl. 18.10 +0200  all   53,73    0,00   34,83    0,00    0,00   11,44    0,00    0,00    0,00    0,00
		kl. 18.10 +0200  all   49,75    0,00   30,65    0,00    0,00   19,60    0,00    0,00    0,00    0,00
		kl. 18.10 +0200  all   95,00    0,00    5,00    0,00    0,00    0,00    0,00    0,00    0,00    0,00
		kl. 18.10 +0200  all   97,01    0,00    2,99    0,00    0,00    0,00    0,00    0,00    0,00    0,00
		kl. 18.10 +0200  all   98,50    0,00    1,50    0,00    0,00    0,00    0,00    0,00    0,00    0,00

	client:
		kl. 18.10 +0200  all   94,00    0,00    6,00    0,00    0,00    0,00    0,00    0,00    0,00    0,00
		kl. 18.10 +0200  all   73,00    0,00   27,00    0,00    0,00    0,00    0,00    0,00    0,00    0,00
		kl. 18.10 +0200  all   96,98    0,00    3,02    0,00    0,00    0,00    0,00    0,00    0,00    0,00
		kl. 18.10 +0200  all   96,50    0,00    3,50    0,00    0,00    0,00    0,00    0,00    0,00    0,00
		kl. 18.10 +0200  all   60,00    0,00   29,00    0,00    0,00   11,00    0,00    0,00    0,00    0,00
		kl. 18.10 +0200  all   64,32    0,00   26,13    0,00    0,00    9,55    0,00    0,00    0,00    0,00
		kl. 18.10 +0200  all   57,21    0,00   28,86    0,00    0,00   13,93    0,00    0,00    0,00    0,00
		kl. 18.10 +0200  all   64,68    0,00   28,86    0,00    0,00    6,47    0,00    0,00    0,00    0,00
		kl. 18.10 +0200  all   53,23    0,00   30,35    0,00    0,00   16,42    0,00    0,00    0,00    0,00
		kl. 18.10 +0200  all   60,30    0,00   35,18    0,00    0,00    4,52    0,00    0,00    0,00    0,00
		kl. 18.10 +0200  all   68,66    0,00   25,37    0,00    0,00    5,97    0,00    0,00    0,00    0,00
		kl. 18.10 +0200  all   71,50    0,00   25,00    0,00    0,00    3,50    0,00    0,00    0,00    0,00
		kl. 18.10 +0200  all   97,01    0,00    2,99    0,00    0,00    0,00    0,00    0,00    0,00    0,00
		kl. 18.10 +0200  all   98,99    0,00    1,01    0,00    0,00    0,00    0,00    0,00    0,00    0,00

	rtt: 
		1.094396
		pong
		1,0.000090
		2,0.000045
		4,0.000059
		8,0.000043
		16,0.000053
		32,0.000047
		64,0.000048
		128,0.000050
		256,0.000051
		512,0.000053
		1024,0.000050
		2048,0.000046
		4096,0.000154
		8192,0.000141
		16384,0.000164
		32768,0.000243
		65536,0.000457
		131072,0.000718
		262144,0.001381
		524288,0.002927
		1048576,0.005753
		2097152,0.019922
		4194304,0.027320
		8388608,0.044533
		16777216,0.142916
		33554432,0.241416
		67108864,0.439904
		134217728,1.009364
		268435456,1.880964
		536870912,4.005632

Result 2:
	server:
		kl. 18.13 +0200  all   95,50    0,00    4,50    0,00    0,00    0,00    0,00    0,00    0,00    0,00
		kl. 18.13 +0200  all   69,50    0,00   30,50    0,00    0,00    0,00    0,00    0,00    0,00    0,00
		kl. 18.13 +0200  all   98,50    0,00    1,50    0,00    0,00    0,00    0,00    0,00    0,00    0,00
		kl. 18.13 +0200  all   61,31    0,00   28,14    0,00    0,00   10,55    0,00    0,00    0,00    0,00
		kl. 18.13 +0200  all   56,72    0,00   28,86    0,00    0,00   14,43    0,00    0,00    0,00    0,00
		kl. 18.13 +0200  all   72,36    0,00   22,61    0,00    0,00    5,03    0,00    0,00    0,00    0,00
		kl. 18.13 +0200  all   57,71    0,00   24,88    0,00    0,00   17,41    0,00    0,00    0,00    0,00
		kl. 18.13 +0200  all   70,35    0,00   26,13    0,00    0,00    3,52    0,00    0,00    0,00    0,00
		kl. 18.13 +0200  all   64,50    0,00   30,50    0,00    0,00    5,00    0,00    0,00    0,00    0,00
		kl. 18.13 +0200  all   53,23    0,00   34,83    0,00    0,00   11,94    0,00    0,00    0,00    0,00
		kl. 18.14 +0200  all   56,28    0,00   30,15    0,00    0,00   13,57    0,00    0,00    0,00    0,00

		kl. 18.14 +0200  CPU    %usr   %nice    %sys %iowait    %irq   %soft  %steal  %guest  %gnice   %idle
		kl. 18.14 +0200  all   96,02    0,00    3,98    0,00    0,00    0,00    0,00    0,00    0,00    0,00
		kl. 18.14 +0200  all   97,99    0,00    2,01    0,00    0,00    0,00    0,00    0,00    0,00    0,00

	client:
		kl. 18.13 +0200  all   99,50    0,00    0,50    0,00    0,00    0,00    0,00    0,00    0,00    0,00
		kl. 18.13 +0200  all   90,95    0,00    9,05    0,00    0,00    0,00    0,00    0,00    0,00    0,00
		kl. 18.13 +0200  all   74,63    0,00   25,37    0,00    0,00    0,00    0,00    0,00    0,00    0,00
		kl. 18.13 +0200  all   97,49    0,00    2,51    0,00    0,00    0,00    0,00    0,00    0,00    0,00
		kl. 18.13 +0200  all   90,05    0,00    8,96    0,00    0,00    1,00    0,00    0,00    0,00    0,00
		kl. 18.13 +0200  all   55,45    0,00   35,64    0,00    0,00    8,91    0,00    0,00    0,00    0,00
		kl. 18.13 +0200  all   54,50    0,00   41,00    0,00    0,00    4,50    0,00    0,00    0,00    0,00
		kl. 18.13 +0200  all   64,00    0,00   32,50    0,00    0,00    3,50    0,00    0,00    0,00    0,00
		kl. 18.13 +0200  all   69,35    0,00   23,62    0,00    0,00    7,04    0,00    0,00    0,00    0,00
		kl. 18.13 +0200  all   57,21    0,00   26,87    0,00    0,00   15,92    0,00    0,00    0,00    0,00
		kl. 18.13 +0200  all   59,30    0,00   35,68    0,00    0,00    5,03    0,00    0,00    0,00    0,00
		kl. 18.13 +0200  all   64,00    0,00   30,00    0,00    0,00    6,00    0,00    0,00    0,00    0,00
		kl. 18.14 +0200  all   71,50    0,00   24,50    0,00    0,00    4,00    0,00    0,00    0,00    0,00
		kl. 18.14 +0200  all   95,00    0,00    5,00    0,00    0,00    0,00    0,00    0,00    0,00    0,00
		kl. 18.14 +0200  all  100,00    0,00    0,00    0,00    0,00    0,00    0,00    0,00    0,00    0,00


	rtt: 
		1.078560
		pong
		1,0.000112
		2,0.000088
		4,0.000047
		8,0.000994
		16,0.000053
		32,0.000052
		64,0.000052
		128,0.000053
		256,0.000053
		512,0.000055
		1024,0.000050
		2048,0.000048
		4096,0.000156
		8192,0.000140
		16384,0.000180
		32768,0.000262
		65536,0.000459
		131072,0.000730
		262144,0.001478
		524288,0.003462
		1048576,0.013211
		2097152,0.009760
		4194304,0.028164
		8388608,0.056663
		16777216,0.147491
		33554432,0.246862
		67108864,0.431630
		134217728,0.874433
		268435456,2.114137
		536870912,4.002214

Result 3:
	server:
		kl. 18.15 +0200  all   99,00    0,00    1,00    0,00    0,00    0,00    0,00    0,00    0,00    0,00
		kl. 18.15 +0200  all   98,50    0,00    1,50    0,00    0,00    0,00    0,00    0,00    0,00    0,00
		kl. 18.15 +0200  all   84,50    0,00   15,50    0,00    0,00    0,00    0,00    0,00    0,00    0,00
		kl. 18.15 +0200  all   77,11    0,00   22,39    0,00    0,00    0,50    0,00    0,00    0,00    0,00
		kl. 18.15 +0200  all   87,50    0,00   11,00    0,00    0,00    1,50    0,00    0,00    0,00    0,00
		kl. 18.15 +0200  all   64,32    0,00   30,15    0,00    0,00    5,53    0,00    0,00    0,00    0,00
		kl. 18.15 +0200  all   58,50    0,00   35,00    0,00    0,00    6,50    0,00    0,00    0,00    0,00
		kl. 18.15 +0200  all   68,50    0,00   25,00    0,00    0,00    6,50    0,00    0,00    0,00    0,00
		kl. 18.15 +0200  all   56,00    0,00   28,50    0,00    0,00   15,50    0,00    0,00    0,00    0,00
		kl. 18.15 +0200  all   62,50    0,00   29,50    0,00    0,00    8,00    0,00    0,00    0,00    0,00
		kl. 18.15 +0200  all   64,50    0,00   27,50    0,00    0,00    8,00    0,00    0,00    0,00    0,00
		kl. 18.15 +0200  all   54,73    0,00   36,82    0,00    0,00    8,46    0,00    0,00    0,00    0,00
		kl. 18.15 +0200  all   51,76    0,00   27,64    0,00    0,00   20,60    0,00    0,00    0,00    0,00
		kl. 18.15 +0200  all   99,00    0,00    1,00    0,00    0,00    0,00    0,00    0,00    0,00    0,00
		kl. 18.15 +0200  all  100,00    0,00    0,00    0,00    0,00    0,00    0,00    0,00    0,00    0,00

	client:
		kl. 18.15 +0200  all   99,50    0,00    0,50    0,00    0,00    0,00    0,00    0,00    0,00    0,00
		kl. 18.15 +0200  all   77,00    0,00   23,00    0,00    0,00    0,00    0,00    0,00    0,00    0,00
		kl. 18.15 +0200  all   87,50    0,00   12,50    0,00    0,00    0,00    0,00    0,00    0,00    0,00
		kl. 18.15 +0200  all   97,00    0,00    3,00    0,00    0,00    0,00    0,00    0,00    0,00    0,00
		kl. 18.15 +0200  all   79,00    0,00   16,00    0,00    0,00    5,00    0,00    0,00    0,00    0,00
		kl. 18.15 +0200  all   53,00    0,00   35,50    0,00    0,00   11,50    0,00    0,00    0,00    0,00
		kl. 18.15 +0200  all   63,50    0,00   30,50    0,00    0,00    6,00    0,00    0,00    0,00    0,00
		kl. 18.15 +0200  all   61,00    0,00   29,50    0,00    0,00    9,50    0,00    0,00    0,00    0,00
		kl. 18.15 +0200  all   65,50    0,00   30,00    0,00    0,00    4,50    0,00    0,00    0,00    0,00
		kl. 18.15 +0200  all   53,27    0,00   29,15    0,00    0,00   17,59    0,00    0,00    0,00    0,00
		kl. 18.15 +0200  all   58,21    0,00   36,32    0,00    0,00    5,47    0,00    0,00    0,00    0,00
		kl. 18.15 +0200  all   69,00    0,00   27,00    0,00    0,00    4,00    0,00    0,00    0,00    0,00
		kl. 18.15 +0200  all   74,63    0,00   21,89    0,00    0,00    3,48    0,00    0,00    0,00    0,00
		kl. 18.15 +0200  all   96,98    0,00    3,02    0,00    0,00    0,00    0,00    0,00    0,00    0,00
		kl. 18.15 +0200  all  100,00    0,00    0,00    0,00    0,00    0,00    0,00    0,00    0,00    0,00

	rtt: 
		1.112957
		pong
		1,0.000105
		2,0.000089
		4,0.000046
		8,0.000068
		16,0.000046
		32,0.000064
		64,0.000070
		128,0.000046
		256,0.000068
		512,0.000072
		1024,0.000068
		2048,0.000069
		4096,0.000158
		8192,0.000139
		16384,0.000175
		32768,0.000259
		65536,0.000460
		131072,0.000704
		262144,0.001331
		524288,0.003386
		1048576,0.014968
		2097152,0.011675
		4194304,0.028228
		8388608,0.064831
		16777216,0.133228
		33554432,0.260946
		67108864,0.525647
		134217728,1.009927
		268435456,2.234141
		536870912,3.921726

Result 4:
	server:
		kl. 18.17 +0200  all  100,00    0,00    0,00    0,00    0,00    0,00    0,00    0,00    0,00    0,00
		kl. 18.17 +0200  all   71,00    0,00   29,00    0,00    0,00    0,00    0,00    0,00    0,00    0,00
		kl. 18.17 +0200  all   91,46    0,00    8,54    0,00    0,00    0,00    0,00    0,00    0,00    0,00
		kl. 18.17 +0200  all   63,00    0,00   26,50    0,00    0,00   10,50    0,00    0,00    0,00    0,00
		kl. 18.17 +0200  all   57,21    0,00   30,85    0,00    0,00   11,94    0,00    0,00    0,00    0,00
		kl. 18.17 +0200  all   68,50    0,00   25,00    0,00    0,00    6,50    0,00    0,00    0,00    0,00
		kl. 18.17 +0200  all   58,00    0,00   29,00    0,00    0,00   13,00    0,00    0,00    0,00    0,00
		kl. 18.17 +0200  all   69,65    0,00   24,88    0,00    0,00    5,47    0,00    0,00    0,00    0,00
		kl. 18.17 +0200  all   67,68    0,00   25,76    0,00    0,00    6,57    0,00    0,00    0,00    0,00
		kl. 18.17 +0200  all   57,71    0,00   26,37    0,00    0,00   15,92    0,00    0,00    0,00    0,00

		kl. 18.17 +0200  CPU    %usr   %nice    %sys %iowait    %irq   %soft  %steal  %guest  %gnice   %idle
		kl. 18.17 +0200  all   56,00    0,00   32,50    0,00    0,00   11,50    0,00    0,00    0,00    0,00
		kl. 18.17 +0200  all   95,50    0,00    4,00    0,00    0,00    0,50    0,00    0,00    0,00    0,00
		kl. 18.17 +0200  all  100,00    0,00    0,00    0,00    0,00    0,00    0,00    0,00    0,00    0,00

	client:
		kl. 18.17 +0200  all   97,50    0,00    2,50    0,00    0,00    0,00    0,00    0,00    0,00    0,00
		kl. 18.17 +0200  all   87,50    0,00   12,50    0,00    0,00    0,00    0,00    0,00    0,00    0,00
		kl. 18.17 +0200  all   76,00    0,00   24,00    0,00    0,00    0,00    0,00    0,00    0,00    0,00
		kl. 18.17 +0200  all   96,50    0,00    3,50    0,00    0,00    0,00    0,00    0,00    0,00    0,00
		kl. 18.17 +0200  all   83,50    0,00   12,50    0,00    0,00    4,00    0,00    0,00    0,00    0,00
		kl. 18.17 +0200  all   57,50    0,00   27,00    0,00    0,00   15,50    0,00    0,00    0,00    0,00
		kl. 18.17 +0200  all   56,72    0,00   31,84    0,00    0,00   11,44    0,00    0,00    0,00    0,00
		kl. 18.17 +0200  all   65,33    0,00   23,62    0,00    0,00   11,06    0,00    0,00    0,00    0,00
		kl. 18.17 +0200  all   61,00    0,00   31,50    0,00    0,00    7,50    0,00    0,00    0,00    0,00
		kl. 18.17 +0200  all   51,24    0,00   36,82    0,00    0,00   11,94    0,00    0,00    0,00    0,00
		kl. 18.17 +0200  all   58,50    0,00   28,50    0,00    0,00   13,00    0,00    0,00    0,00    0,00
		kl. 18.17 +0200  all   66,33    0,00   28,14    0,00    0,00    5,53    0,00    0,00    0,00    0,00
		kl. 18.17 +0200  all   84,00    0,00   13,00    0,00    0,00    3,00    0,00    0,00    0,00    0,00

		kl. 18.17 +0200  CPU    %usr   %nice    %sys %iowait    %irq   %soft  %steal  %guest  %gnice   %idle
		kl. 18.17 +0200  all   97,51    0,00    2,49    0,00    0,00    0,00    0,00    0,00    0,00    0,00
		kl. 18.17 +0200  all  100,00    0,00    0,00    0,00    0,00    0,00    0,00    0,00    0,00    0,00

	rtt: 
		0.988833
		pong
		1,0.000105
		2,0.000048
		4,0.000052
		8,0.000049
		16,0.000046
		32,0.000044
		64,0.000054
		128,0.000039
		256,0.000045
		512,0.000046
		1024,0.000039
		2048,0.000046
		4096,0.000150
		8192,0.000148
		16384,0.000155
		32768,0.000261
		65536,0.000434
		131072,0.000674
		262144,0.001364
		524288,0.002891
		1048576,0.006361
		2097152,0.018511
		4194304,0.038298
		8388608,0.074459
		16777216,0.124715
		33554432,0.228330
		67108864,0.472519
		134217728,0.907466
		268435456,2.045415
		536870912,3.978777

Result 5:
	server:
		kl. 18.18 +0200  all  100,00    0,00    0,00    0,00    0,00    0,00    0,00    0,00    0,00    0,00
		kl. 18.18 +0200  all   98,01    0,00    1,99    0,00    0,00    0,00    0,00    0,00    0,00    0,00
		kl. 18.18 +0200  all   72,86    0,00   27,14    0,00    0,00    0,00    0,00    0,00    0,00    0,00
		kl. 18.18 +0200  all   93,00    0,00    7,00    0,00    0,00    0,00    0,00    0,00    0,00    0,00
		kl. 18.18 +0200  all   71,50    0,00   22,00    0,00    0,00    6,50    0,00    0,00    0,00    0,00
		kl. 18.18 +0200  all   56,50    0,00   28,50    0,00    0,00   15,00    0,00    0,00    0,00    0,00
		kl. 18.18 +0200  all   64,18    0,00   26,87    0,00    0,00    8,96    0,00    0,00    0,00    0,00
		kl. 18.18 +0200  all   57,29    0,00   30,15    0,00    0,00   12,56    0,00    0,00    0,00    0,00
		kl. 18.18 +0200  all   71,00    0,00   23,50    0,00    0,00    5,50    0,00    0,00    0,00    0,00
		kl. 18.18 +0200  all   67,50    0,00   25,50    0,00    0,00    7,00    0,00    0,00    0,00    0,00
		kl. 18.18 +0200  all   54,00    0,00   24,00    0,00    0,00   22,00    0,00    0,00    0,00    0,00
		kl. 18.18 +0200  all   54,77    0,00   25,13    0,00    0,00   20,10    0,00    0,00    0,00    0,00
		kl. 18.18 +0200  all   97,01    0,00    2,99    0,00    0,00    0,00    0,00    0,00    0,00    0,00
		kl. 18.18 +0200  all   96,98    0,00    3,02    0,00    0,00    0,00    0,00    0,00    0,00    0,00


	client:
		kl. 18.18 +0200  all   99,50    0,00    0,50    0,00    0,00    0,00    0,00    0,00    0,00    0,00
		kl. 18.18 +0200  all   78,50    0,00   21,50    0,00    0,00    0,00    0,00    0,00    0,00    0,00
		kl. 18.18 +0200  all   82,50    0,00   17,50    0,00    0,00    0,00    0,00    0,00    0,00    0,00
		kl. 18.18 +0200  all   96,50    0,00    3,50    0,00    0,00    0,00    0,00    0,00    0,00    0,00
		kl. 18.18 +0200  all   81,41    0,00   17,09    0,00    0,00    1,51    0,00    0,00    0,00    0,00
		kl. 18.18 +0200  all   56,72    0,00   26,87    0,00    0,00   16,42    0,00    0,00    0,00    0,00
		kl. 18.18 +0200  all   56,00    0,00   30,00    0,00    0,00   14,00    0,00    0,00    0,00    0,00
		kl. 18.18 +0200  all   65,84    0,00   24,26    0,00    0,00    9,90    0,00    0,00    0,00    0,00
		kl. 18.18 +0200  all   61,50    0,00   31,00    0,00    0,00    7,50    0,00    0,00    0,00    0,00
		kl. 18.18 +0200  all   55,50    0,00   33,50    0,00    0,00   11,00    0,00    0,00    0,00    0,00
		kl. 18.18 +0200  all   61,50    0,00   31,50    0,00    0,00    7,00    0,00    0,00    0,00    0,00
		kl. 18.18 +0200  all   70,35    0,00   25,13    0,00    0,00    4,52    0,00    0,00    0,00    0,00
		kl. 18.18 +0200  all   88,06    0,00   10,45    0,00    0,00    1,49    0,00    0,00    0,00    0,00
		kl. 18.18 +0200  all   94,97    0,00    5,03    0,00    0,00    0,00    0,00    0,00    0,00    0,00
		kl. 18.18 +0200  all   97,50    0,00    2,50    0,00    0,00    0,00    0,00    0,00    0,00    0,00

	rtt: 
		1.180053
		pong
		1,0.000100
		2,0.000098
		4,0.000047
		8,0.000064
		16,0.000068
		32,0.000067
		64,0.000068
		128,0.000047
		256,0.000064
		512,0.000073
		1024,0.000068
		2048,0.000068
		4096,0.000171
		8192,0.000137
		16384,0.000724
		32768,0.000254
		65536,0.000470
		131072,0.000726
		262144,0.001414
		524288,0.003140
		1048576,0.015781
		2097152,0.023456
		4194304,0.042134
		8388608,0.076307
		16777216,0.123556
		33554432,0.262048
		67108864,0.443268
		134217728,0.846603
		268435456,1.937997
		536870912,3.972134

Result 6:
	server:
		kl. 18.20 +0200  all   99,50    0,00    0,50    0,00    0,00    0,00    0,00    0,00    0,00    0,00
		kl. 18.20 +0200  all   80,60    0,00   19,40    0,00    0,00    0,00    0,00    0,00    0,00    0,00

		kl. 18.20 +0200  CPU    %usr   %nice    %sys %iowait    %irq   %soft  %steal  %guest  %gnice   %idle
		kl. 18.20 +0200  all   86,00    0,00   14,00    0,00    0,00    0,00    0,00    0,00    0,00    0,00
		kl. 18.20 +0200  all   80,50    0,00   15,00    0,00    0,00    4,50    0,00    0,00    0,00    0,00
		kl. 18.20 +0200  all   65,50    0,00   29,00    0,00    0,00    5,50    0,00    0,00    0,00    0,00
		kl. 18.20 +0200  all   63,00    0,00   25,00    0,00    0,00   12,00    0,00    0,00    0,00    0,00
		kl. 18.20 +0200  all   60,80    0,00   29,65    0,00    0,00    9,55    0,00    0,00    0,00    0,00
		kl. 18.20 +0200  all   57,71    0,00   33,33    0,00    0,00    8,96    0,00    0,00    0,00    0,00
		kl. 18.20 +0200  all   72,00    0,00   22,00    0,00    0,00    6,00    0,00    0,00    0,00    0,00
		kl. 18.20 +0200  all   64,50    0,00   25,00    0,00    0,00   10,50    0,00    0,00    0,00    0,00
		kl. 18.20 +0200  all   56,78    0,00   28,14    0,00    0,00   15,08    0,00    0,00    0,00    0,00
		kl. 18.20 +0200  all   65,50    0,00   25,00    0,00    0,00    9,50    0,00    0,00    0,00    0,00
		kl. 18.20 +0200  all  100,00    0,00    0,00    0,00    0,00    0,00    0,00    0,00    0,00    0,00

	client:
		kl. 18.20 +0200  all  100,00    0,00    0,00    0,00    0,00    0,00    0,00    0,00    0,00    0,00
		kl. 18.20 +0200  all   68,00    0,00   32,00    0,00    0,00    0,00    0,00    0,00    0,00    0,00
		kl. 18.20 +0200  all   94,97    0,00    5,03    0,00    0,00    0,00    0,00    0,00    0,00    0,00
		kl. 18.20 +0200  all   97,50    0,00    2,50    0,00    0,00    0,00    0,00    0,00    0,00    0,00

		kl. 18.20 +0200  CPU    %usr   %nice    %sys %iowait    %irq   %soft  %steal  %guest  %gnice   %idle
		kl. 18.20 +0200  all   74,00    0,00   20,00    0,00    0,00    6,00    0,00    0,00    0,00    0,00
		kl. 18.20 +0200  all   60,00    0,00   31,50    0,00    0,00    8,50    0,00    0,00    0,00    0,00
		kl. 18.20 +0200  all   61,50    0,00   28,00    0,00    0,00   10,50    0,00    0,00    0,00    0,00
		kl. 18.20 +0200  all   63,50    0,00   25,50    0,00    0,00   11,00    0,00    0,00    0,00    0,00
		kl. 18.20 +0200  all   64,18    0,00   26,87    0,00    0,00    8,96    0,00    0,00    0,00    0,00
		kl. 18.20 +0200  all   58,50    0,00   35,00    0,00    0,00    6,50    0,00    0,00    0,00    0,00
		kl. 18.20 +0200  all   61,31    0,00   31,66    0,00    0,00    7,04    0,00    0,00    0,00    0,00
		kl. 18.20 +0200  all   67,66    0,00   28,36    0,00    0,00    3,98    0,00    0,00    0,00    0,00
		kl. 18.20 +0200  all   80,50    0,00   17,00    0,00    0,00    2,50    0,00    0,00    0,00    0,00
		kl. 18.20 +0200  all   95,50    0,00    4,50    0,00    0,00    0,00    0,00    0,00    0,00    0,00
		kl. 18.20 +0200  all   97,00    0,00    3,00    0,00    0,00    0,00    0,00    0,00    0,00    0,00
		kl. 18.20 +0200  all   97,00    0,00    3,00    0,00    0,00    0,00    0,00    0,00    0,00    0,00

	rtt: 
		1.249751
		pong
		1,0.000095
		2,0.000092
		4,0.000047
		8,0.000065
		16,0.000047
		32,0.000066
		64,0.000070
		128,0.000070
		256,0.000047
		512,0.000067
		1024,0.000067
		2048,0.000069
		4096,0.000163
		8192,0.000142
		16384,0.000178
		32768,0.000260
		65536,0.000460
		131072,0.000703
		262144,0.001674
		524288,0.003070
		1048576,0.017041
		2097152,0.010186
		4194304,0.044677
		8388608,0.059514
		16777216,0.099937
		33554432,0.259646
		67108864,0.506677
		134217728,1.032665
		268435456,2.052623
		536870912,4.043294

Result 7:
	server:
		kl. 18.21 +0200  all   99,00    0,00    1,00    0,00    0,00    0,00    0,00    0,00    0,00    0,00
		kl. 18.21 +0200  all   93,50    0,00    6,00    0,00    0,00    0,50    0,00    0,00    0,00    0,00
		kl. 18.21 +0200  all   75,00    0,00   25,00    0,00    0,00    0,00    0,00    0,00    0,00    0,00
		kl. 18.21 +0200  all   97,50    0,00    2,00    0,00    0,00    0,50    0,00    0,00    0,00    0,00
		kl. 18.21 +0200  all   61,50    0,00   34,00    0,00    0,00    4,50    0,00    0,00    0,00    0,00
		kl. 18.21 +0200  all   68,00    0,00   22,50    0,00    0,00    9,50    0,00    0,00    0,00    0,00
		kl. 18.21 +0200  all   59,00    0,00   32,00    0,00    0,00    9,00    0,00    0,00    0,00    0,00
		kl. 18.21 +0200  all   53,00    0,00   38,50    0,00    0,00    8,50    0,00    0,00    0,00    0,00
		kl. 18.21 +0200  all   69,50    0,00   24,00    0,00    0,00    6,50    0,00    0,00    0,00    0,00
		kl. 18.21 +0200  all   68,50    0,00   24,00    0,00    0,00    7,50    0,00    0,00    0,00    0,00
		kl. 18.21 +0200  all   53,50    0,00   28,00    0,00    0,00   18,50    0,00    0,00    0,00    0,00
		kl. 18.21 +0200  all   58,79    0,00   35,18    0,00    0,00    6,03    0,00    0,00    0,00    0,00
		kl. 18.21 +0200  all   99,50    0,00    0,50    0,00    0,00    0,00    0,00    0,00    0,00    0,00

		kl. 18.21 +0200  CPU    %usr   %nice    %sys %iowait    %irq   %soft  %steal  %guest  %gnice   %idle

	client:
		kl. 18.21 +0200  all  100,00    0,00    0,00    0,00    0,00    0,00    0,00    0,00    0,00    0,00
		kl. 18.21 +0200  all   83,42    0,00   16,58    0,00    0,00    0,00    0,00    0,00    0,00    0,00
		kl. 18.21 +0200  all   84,58    0,00   15,42    0,00    0,00    0,00    0,00    0,00    0,00    0,00
		kl. 18.21 +0200  all  100,00    0,00    0,00    0,00    0,00    0,00    0,00    0,00    0,00    0,00
		kl. 18.21 +0200  all   89,00    0,00    8,00    0,00    0,00    3,00    0,00    0,00    0,00    0,00
		kl. 18.21 +0200  all   56,50    0,00   31,50    0,00    0,00   12,00    0,00    0,00    0,00    0,00
		kl. 18.21 +0200  all   63,32    0,00   27,64    0,00    0,00    9,05    0,00    0,00    0,00    0,00
		kl. 18.21 +0200  all   59,20    0,00   27,36    0,00    0,00   13,43    0,00    0,00    0,00    0,00
		kl. 18.21 +0200  all   65,67    0,00   28,86    0,00    0,00    5,47    0,00    0,00    0,00    0,00
		kl. 18.21 +0200  all   53,77    0,00   33,67    0,00    0,00   12,56    0,00    0,00    0,00    0,00
		kl. 18.21 +0200  all   58,21    0,00   30,35    0,00    0,00   11,44    0,00    0,00    0,00    0,00
		kl. 18.21 +0200  all   65,17    0,00   31,84    0,00    0,00    2,99    0,00    0,00    0,00    0,00
		kl. 18.21 +0200  all   72,00    0,00   24,00    0,00    0,00    4,00    0,00    0,00    0,00    0,00
		kl. 18.21 +0200  all   94,97    0,00    5,03    0,00    0,00    0,00    0,00    0,00    0,00    0,00

	rtt: 
		1.181311
		pong
		1,0.000116
		2,0.000051
		4,0.000045
		8,0.000041
		16,0.000041
		32,0.000040
		64,0.000041
		128,0.000042
		256,0.000042
		512,0.000044
		1024,0.000042
		2048,0.000046
		4096,0.000149
		8192,0.000442
		16384,0.000195
		32768,0.000258
		65536,0.000456
		131072,0.000701
		262144,0.001684
		524288,0.003217
		1048576,0.018622
		2097152,0.009085
		4194304,0.045100
		8388608,0.059744
		16777216,0.170245
		33554432,0.232228
		67108864,0.532178
		134217728,1.021826
		268435456,1.911502
		536870912,3.928590


