Result 1:
	server:
		kl. 00.29 +0200  all  100,00    0,00    0,00    0,00    0,00    0,00    0,00    0,00    0,00    0,00
		kl. 00.29 +0200  all   89,00    0,00   11,00    0,00    0,00    0,00    0,00    0,00    0,00    0,00

		kl. 00.29 +0200  CPU    %usr   %nice    %sys %iowait    %irq   %soft  %steal  %guest  %gnice   %idle
		kl. 00.29 +0200  all   78,50    0,00   21,50    0,00    0,00    0,00    0,00    0,00    0,00    0,00
		kl. 00.29 +0200  all   96,52    0,00    1,49    0,00    0,00    1,99    0,00    0,00    0,00    0,00
		kl. 00.29 +0200  all   88,94    0,00    4,52    0,00    0,00    6,53    0,00    0,00    0,00    0,00
		kl. 00.29 +0200  all   91,50    0,00    3,50    0,00    0,00    5,00    0,00    0,00    0,00    0,00
		kl. 00.29 +0200  all   88,50    0,00    3,00    0,00    0,00    8,50    0,00    0,00    0,00    0,00
		kl. 00.29 +0200  all   89,50    0,00    4,50    0,00    0,00    6,00    0,00    0,00    0,00    0,00
		kl. 00.29 +0200  all   91,50    0,00    4,00    0,00    0,00    4,50    0,00    0,00    0,00    0,00
		kl. 00.29 +0200  all   87,50    0,00    3,50    0,00    0,00    9,00    0,00    0,00    0,00    0,00
		kl. 00.29 +0200  all   89,00    0,00    6,00    0,00    0,00    5,00    0,00    0,00    0,00    0,00
		kl. 00.29 +0200  all   93,03    0,00    3,98    0,00    0,00    2,99    0,00    0,00    0,00    0,00
		kl. 00.29 +0200  all   92,96    0,00    3,52    0,00    0,00    3,52    0,00    0,00    0,00    0,00
		kl. 00.29 +0200  all   86,07    0,00    5,47    0,00    0,00    8,46    0,00    0,00    0,00    0,00
		kl. 00.29 +0200  all   90,45    0,00    3,02    0,00    0,00    6,53    0,00    0,00    0,00    0,00
		kl. 00.29 +0200  all   90,55    0,00    2,99    0,00    0,00    6,47    0,00    0,00    0,00    0,00
		kl. 00.29 +0200  all   91,46    0,00    2,01    0,00    0,00    6,53    0,00    0,00    0,00    0,00
		kl. 00.29 +0200  all   91,00    0,00    3,50    0,00    0,00    5,50    0,00    0,00    0,00    0,00
		kl. 00.29 +0200  all   94,00    0,00    3,00    0,00    0,00    3,00    0,00    0,00    0,00    0,00
		kl. 00.29 +0200  all   93,03    0,00    3,48    0,00    0,00    3,48    0,00    0,00    0,00    0,00
		kl. 00.29 +0200  all   95,48    0,00    3,02    0,00    0,00    1,51    0,00    0,00    0,00    0,00
		kl. 00.29 +0200  all   92,50    0,00    3,50    0,00    0,00    4,00    0,00    0,00    0,00    0,00
		kl. 00.29 +0200  all   98,00    0,00    2,00    0,00    0,00    0,00    0,00    0,00    0,00    0,00
		kl. 00.29 +0200  all  100,00    0,00    0,00    0,00    0,00    0,00    0,00    0,00    0,00    0,00
		kl. 00.29 +0200  all  100,00    0,00    0,00    0,00    0,00    0,00    0,00    0,00    0,00    0,00
	client:
		kl. 00.29 +0200  all  100,00    0,00    0,00    0,00    0,00    0,00    0,00    0,00    0,00    0,00
		kl. 00.29 +0200  all   84,50    0,00   15,50    0,00    0,00    0,00    0,00    0,00    0,00    0,00
		kl. 00.29 +0200  all   79,50    0,00   20,50    0,00    0,00    0,00    0,00    0,00    0,00    0,00
		kl. 00.29 +0200  all   98,00    0,00    2,00    0,00    0,00    0,00    0,00    0,00    0,00    0,00
		kl. 00.29 +0200  all   96,00    0,00    2,00    0,00    0,00    2,00    0,00    0,00    0,00    0,00
		kl. 00.29 +0200  all   94,50    0,00    3,00    0,00    0,00    2,50    0,00    0,00    0,00    0,00
		kl. 00.29 +0200  all   92,50    0,00    2,50    0,00    0,00    5,00    0,00    0,00    0,00    0,00
		kl. 00.29 +0200  all   94,03    0,00    2,99    0,00    0,00    2,99    0,00    0,00    0,00    0,00
		kl. 00.29 +0200  all   90,45    0,00    3,02    0,00    0,00    6,53    0,00    0,00    0,00    0,00
		kl. 00.29 +0200  all   95,48    0,00    1,01    0,00    0,00    3,52    0,00    0,00    0,00    0,00
		kl. 00.29 +0200  all   93,53    0,00    3,98    0,00    0,00    2,49    0,00    0,00    0,00    0,00
		kl. 00.29 +0200  all   92,46    0,00    2,51    0,00    0,00    5,03    0,00    0,00    0,00    0,00
		kl. 00.29 +0200  all   89,55    0,00    3,98    0,00    0,00    6,47    0,00    0,00    0,00    0,00
		kl. 00.29 +0200  all   94,50    0,00    2,00    0,00    0,00    3,50    0,00    0,00    0,00    0,00

		kl. 00.29 +0200  CPU    %usr   %nice    %sys %iowait    %irq   %soft  %steal  %guest  %gnice   %idle
		kl. 00.29 +0200  all   88,94    0,00    9,05    0,00    0,00    2,01    0,00    0,00    0,00    0,00
		kl. 00.29 +0200  all   88,00    0,00    8,00    0,00    0,00    4,00    0,00    0,00    0,00    0,00
		kl. 00.29 +0200  all   90,59    0,00    5,45    0,00    0,00    3,96    0,00    0,00    0,00    0,00
		kl. 00.29 +0200  all   96,48    0,00    0,00    0,00    0,00    3,52    0,00    0,00    0,00    0,00
		kl. 00.29 +0200  all   93,00    0,00    3,50    0,00    0,00    3,50    0,00    0,00    0,00    0,00
		kl. 00.29 +0200  all   86,93    0,00    4,02    0,00    0,00    9,05    0,00    0,00    0,00    0,00
		kl. 00.29 +0200  all   90,05    0,00    3,48    0,00    0,00    6,47    0,00    0,00    0,00    0,00
		kl. 00.29 +0200  all   89,00    0,00    3,50    0,00    0,00    7,50    0,00    0,00    0,00    0,00
		kl. 00.29 +0200  all   89,00    0,00    3,50    0,00    0,00    7,50    0,00    0,00    0,00    0,00
		kl. 00.29 +0200  all   96,50    0,00    3,50    0,00    0,00    0,00    0,00    0,00    0,00    0,00
		kl. 00.29 +0200  all   95,50    0,00    4,50    0,00    0,00    0,00    0,00    0,00    0,00    0,00

	rtt: 
		1.015156
		pong
		1,0.000154
		2,0.000097
		4,0.000106
		8,0.000107
		16,0.000107
		32,0.000107
		64,0.000108
		128,0.000107
		256,0.000114
		512,0.000116
		1024,0.000125
		2048,0.000154
		4096,0.000206
		8192,0.000274
		16384,0.000425
		32768,0.001075
		65536,0.002056
		131072,0.003432
		262144,0.005752
		524288,0.009884
		1048576,0.018357
		2097152,0.036270
		4194304,0.071888
		8388608,0.143621
		16777216,0.286967
		33554432,0.573774
		67108864,1.149858
		134217728,2.294556
		268435456,4.589650
		536870912,9.175037

Result 2:
	server:
		kl. 00.31 +0200  all  100,00    0,00    0,00    0,00    0,00    0,00    0,00    0,00    0,00    0,00
		kl. 00.31 +0200  all   74,00    0,00   26,00    0,00    0,00    0,00    0,00    0,00    0,00    0,00
		kl. 00.31 +0200  all   94,00    0,00    6,00    0,00    0,00    0,00    0,00    0,00    0,00    0,00

		kl. 00.31 +0200  CPU    %usr   %nice    %sys %iowait    %irq   %soft  %steal  %guest  %gnice   %idle
		kl. 00.31 +0200  all   95,50    0,00    1,00    0,00    0,00    3,50    0,00    0,00    0,00    0,00
		kl. 00.31 +0200  all   89,00    0,00    4,50    0,00    0,00    6,50    0,00    0,00    0,00    0,00
		kl. 00.31 +0200  all   92,46    0,00    2,51    0,00    0,00    5,03    0,00    0,00    0,00    0,00
		kl. 00.31 +0200  all   92,00    0,00    2,50    0,00    0,00    5,50    0,00    0,00    0,00    0,00
		kl. 00.31 +0200  all   93,03    0,00    2,99    0,00    0,00    3,98    0,00    0,00    0,00    0,00
		kl. 00.31 +0200  all   87,00    0,00    3,50    0,00    0,00    9,50    0,00    0,00    0,00    0,00
		kl. 00.31 +0200  all   88,50    0,00    5,00    0,00    0,00    6,50    0,00    0,00    0,00    0,00
		kl. 00.31 +0200  all   94,47    0,00    2,01    0,00    0,00    3,52    0,00    0,00    0,00    0,00
		kl. 00.31 +0200  all   93,03    0,00    3,98    0,00    0,00    2,99    0,00    0,00    0,00    0,00
		kl. 00.31 +0200  all   87,50    0,00    4,50    0,00    0,00    8,00    0,00    0,00    0,00    0,00
		kl. 00.31 +0200  all   90,50    0,00    3,50    0,00    0,00    6,00    0,00    0,00    0,00    0,00
		kl. 00.31 +0200  all   90,95    0,00    3,02    0,00    0,00    6,03    0,00    0,00    0,00    0,00
		kl. 00.31 +0200  all   90,05    0,00    3,98    0,00    0,00    5,97    0,00    0,00    0,00    0,00
		kl. 00.31 +0200  all   87,44    0,00    3,02    0,00    0,00    9,55    0,00    0,00    0,00    0,00
		kl. 00.31 +0200  all   91,04    0,00    5,97    0,00    0,00    2,99    0,00    0,00    0,00    0,00
		kl. 00.31 +0200  all   94,00    0,00    3,00    0,00    0,00    3,00    0,00    0,00    0,00    0,00
		kl. 00.31 +0200  all   93,00    0,00    3,00    0,00    0,00    4,00    0,00    0,00    0,00    0,00
		kl. 00.31 +0200  all   93,50    0,00    4,00    0,00    0,00    2,50    0,00    0,00    0,00    0,00
		kl. 00.31 +0200  all   94,50    0,00    3,50    0,00    0,00    2,00    0,00    0,00    0,00    0,00
		kl. 00.31 +0200  all  100,00    0,00    0,00    0,00    0,00    0,00    0,00    0,00    0,00    0,00
		kl. 00.31 +0200  all  100,00    0,00    0,00    0,00    0,00    0,00    0,00    0,00    0,00    0,00

	client:
		kl. 00.31 +0200  all   94,50    0,00    5,50    0,00    0,00    0,00    0,00    0,00    0,00    0,00
		kl. 00.31 +0200  all   74,50    0,00   25,50    0,00    0,00    0,00    0,00    0,00    0,00    0,00
		kl. 00.31 +0200  all   91,96    0,00    8,04    0,00    0,00    0,00    0,00    0,00    0,00    0,00
		kl. 00.31 +0200  all  100,00    0,00    0,00    0,00    0,00    0,00    0,00    0,00    0,00    0,00
		kl. 00.31 +0200  all   96,00    0,00    1,00    0,00    0,00    3,00    0,00    0,00    0,00    0,00
		kl. 00.31 +0200  all   93,53    0,00    3,48    0,00    0,00    2,99    0,00    0,00    0,00    0,00
		kl. 00.31 +0200  all   92,00    0,00    1,50    0,00    0,00    6,50    0,00    0,00    0,00    0,00
		kl. 00.31 +0200  all   93,50    0,00    3,00    0,00    0,00    3,50    0,00    0,00    0,00    0,00
		kl. 00.31 +0200  all   90,50    0,00    3,00    0,00    0,00    6,50    0,00    0,00    0,00    0,00
		kl. 00.31 +0200  all   94,00    0,00    3,00    0,00    0,00    3,00    0,00    0,00    0,00    0,00
		kl. 00.31 +0200  all   93,50    0,00    2,50    0,00    0,00    4,00    0,00    0,00    0,00    0,00
		kl. 00.31 +0200  all   92,50    0,00    2,50    0,00    0,00    5,00    0,00    0,00    0,00    0,00
		kl. 00.31 +0200  all   90,00    0,00    3,00    0,00    0,00    7,00    0,00    0,00    0,00    0,00
		kl. 00.31 +0200  all   89,50    0,00    5,50    0,00    0,00    5,00    0,00    0,00    0,00    0,00
		kl. 00.31 +0200  all   92,96    0,00    4,02    0,00    0,00    3,02    0,00    0,00    0,00    0,00

		kl. 00.31 +0200  CPU    %usr   %nice    %sys %iowait    %irq   %soft  %steal  %guest  %gnice   %idle
		kl. 00.31 +0200  all   94,53    0,00    2,49    0,00    0,00    2,99    0,00    0,00    0,00    0,00
		kl. 00.31 +0200  all   95,48    0,00    1,51    0,00    0,00    3,02    0,00    0,00    0,00    0,00
		kl. 00.31 +0200  all   95,05    0,00    1,98    0,00    0,00    2,97    0,00    0,00    0,00    0,00
		kl. 00.31 +0200  all   93,00    0,00    2,00    0,00    0,00    5,00    0,00    0,00    0,00    0,00
		kl. 00.31 +0200  all   84,42    0,00    6,03    0,00    0,00    9,55    0,00    0,00    0,00    0,00
		kl. 00.31 +0200  all   95,50    0,00    3,00    0,00    0,00    1,50    0,00    0,00    0,00    0,00
		kl. 00.31 +0200  all   93,50    0,00    3,00    0,00    0,00    3,50    0,00    0,00    0,00    0,00
		kl. 00.31 +0200  all   92,46    0,00    2,01    0,00    0,00    5,53    0,00    0,00    0,00    0,00
		kl. 00.31 +0200  all   97,51    0,00    2,49    0,00    0,00    0,00    0,00    0,00    0,00    0,00
		kl. 00.31 +0200  all   98,50    0,00    1,50    0,00    0,00    0,00    0,00    0,00    0,00    0,00

	rtt: 
		1.217980
		pong
		1,0.000142
		2,0.000104
		4,0.000098
		8,0.000106
		16,0.000106
		32,0.000106
		64,0.000107
		128,0.000107
		256,0.000117
		512,0.000121
		1024,0.000130
		2048,0.000168
		4096,0.000236
		8192,0.000279
		16384,0.000444
		32768,0.001205
		65536,0.002228
		131072,0.004146
		262144,0.006682
		524288,0.009993
		1048576,0.020111
		2097152,0.036061
		4194304,0.072337
		8388608,0.144650
		16777216,0.286983
		33554432,0.573751
		67108864,1.147012
		134217728,2.294541
		268435456,4.590978
		536870912,9.174587

Result 3:
	server:
		kl. 00.33 +0200  all  100,00    0,00    0,00    0,00    0,00    0,00    0,00    0,00    0,00    0,00
		kl. 00.33 +0200  all   97,51    0,00    2,49    0,00    0,00    0,00    0,00    0,00    0,00    0,00
		kl. 00.33 +0200  all   71,36    0,00   28,64    0,00    0,00    0,00    0,00    0,00    0,00    0,00
		kl. 00.33 +0200  all   99,50    0,00    0,50    0,00    0,00    0,00    0,00    0,00    0,00    0,00
		kl. 00.33 +0200  all   92,54    0,00    2,99    0,00    0,00    4,48    0,00    0,00    0,00    0,00

		kl. 00.33 +0200  CPU    %usr   %nice    %sys %iowait    %irq   %soft  %steal  %guest  %gnice   %idle
		kl. 00.33 +0200  all   89,50    0,00    2,50    0,00    0,00    8,00    0,00    0,00    0,00    0,00
		kl. 00.33 +0200  all   93,00    0,00    3,50    0,00    0,00    3,50    0,00    0,00    0,00    0,00
		kl. 00.33 +0200  all   91,46    0,00    4,52    0,00    0,00    4,02    0,00    0,00    0,00    0,00
		kl. 00.33 +0200  all   91,54    0,00    2,99    0,00    0,00    5,47    0,00    0,00    0,00    0,00
		kl. 00.33 +0200  all   91,00    0,00    2,50    0,00    0,00    6,50    0,00    0,00    0,00    0,00
		kl. 00.33 +0200  all   89,05    0,00    3,98    0,00    0,00    6,97    0,00    0,00    0,00    0,00
		kl. 00.33 +0200  all   93,97    0,00    4,02    0,00    0,00    2,01    0,00    0,00    0,00    0,00
		kl. 00.33 +0200  all   94,00    0,00    3,00    0,00    0,00    3,00    0,00    0,00    0,00    0,00
		kl. 00.33 +0200  all   92,00    0,00    2,00    0,00    0,00    6,00    0,00    0,00    0,00    0,00
		kl. 00.33 +0200  all   88,00    0,00    4,00    0,00    0,00    8,00    0,00    0,00    0,00    0,00
		kl. 00.33 +0200  all   90,50    0,00    3,00    0,00    0,00    6,50    0,00    0,00    0,00    0,00
		kl. 00.33 +0200  all   90,50    0,00    2,50    0,00    0,00    7,00    0,00    0,00    0,00    0,00
		kl. 00.33 +0200  all   89,50    0,00    3,00    0,00    0,00    7,50    0,00    0,00    0,00    0,00
		kl. 00.33 +0200  all   94,50    0,00    2,50    0,00    0,00    3,00    0,00    0,00    0,00    0,00
		kl. 00.33 +0200  all   94,50    0,00    2,50    0,00    0,00    3,00    0,00    0,00    0,00    0,00
		kl. 00.33 +0200  all   94,97    0,00    3,02    0,00    0,00    2,01    0,00    0,00    0,00    0,00
		kl. 00.33 +0200  all   93,03    0,00    4,48    0,00    0,00    2,49    0,00    0,00    0,00    0,00
		kl. 00.33 +0200  all   96,00    0,00    3,50    0,00    0,00    0,50    0,00    0,00    0,00    0,00
		kl. 00.33 +0200  all  100,00    0,00    0,00    0,00    0,00    0,00    0,00    0,00    0,00    0,00
		kl. 00.33 +0200  all  100,00    0,00    0,00    0,00    0,00    0,00    0,00    0,00    0,00    0,00
	client:
		kl. 00.33 +0200  CPU    %usr   %nice    %sys %iowait    %irq   %soft  %steal  %guest  %gnice   %idle
		kl. 00.33 +0200  all   98,50    0,00    1,50    0,00    0,00    0,00    0,00    0,00    0,00    0,00
		kl. 00.33 +0200  all   78,50    0,00   21,50    0,00    0,00    0,00    0,00    0,00    0,00    0,00
		kl. 00.33 +0200  all   86,00    0,00   14,00    0,00    0,00    0,00    0,00    0,00    0,00    0,00
		kl. 00.33 +0200  all   95,50    0,00    4,50    0,00    0,00    0,00    0,00    0,00    0,00    0,00
		kl. 00.33 +0200  all   94,03    0,00    4,48    0,00    0,00    1,49    0,00    0,00    0,00    0,00
		kl. 00.33 +0200  all   91,46    0,00    5,03    0,00    0,00    3,52    0,00    0,00    0,00    0,00
		kl. 00.33 +0200  all   94,00    0,00    2,50    0,00    0,00    3,50    0,00    0,00    0,00    0,00
		kl. 00.33 +0200  all   95,00    0,00    3,50    0,00    0,00    1,50    0,00    0,00    0,00    0,00
		kl. 00.33 +0200  all   89,05    0,00    3,48    0,00    0,00    7,46    0,00    0,00    0,00    0,00
		kl. 00.33 +0200  all   95,98    0,00    1,51    0,00    0,00    2,51    0,00    0,00    0,00    0,00
		kl. 00.33 +0200  all   93,53    0,00    3,48    0,00    0,00    2,99    0,00    0,00    0,00    0,00
		kl. 00.33 +0200  all   91,00    0,00    3,00    0,00    0,00    6,00    0,00    0,00    0,00    0,00
		kl. 00.33 +0200  all   91,96    0,00    2,01    0,00    0,00    6,03    0,00    0,00    0,00    0,00
		kl. 00.33 +0200  all   95,50    0,00    1,50    0,00    0,00    3,00    0,00    0,00    0,00    0,00
		kl. 00.33 +0200  all   93,53    0,00    2,99    0,00    0,00    3,48    0,00    0,00    0,00    0,00
		kl. 00.33 +0200  all   96,50    0,00    2,00    0,00    0,00    1,50    0,00    0,00    0,00    0,00

		kl. 00.33 +0200  CPU    %usr   %nice    %sys %iowait    %irq   %soft  %steal  %guest  %gnice   %idle
		kl. 00.33 +0200  all   95,48    0,00    2,51    0,00    0,00    2,01    0,00    0,00    0,00    0,00
		kl. 00.33 +0200  all   93,00    0,00    4,00    0,00    0,00    3,00    0,00    0,00    0,00    0,00
		kl. 00.33 +0200  all   93,00    0,00    3,50    0,00    0,00    3,50    0,00    0,00    0,00    0,00
		kl. 00.33 +0200  all   90,55    0,00    2,99    0,00    0,00    6,47    0,00    0,00    0,00    0,00
		kl. 00.33 +0200  all   90,50    0,00    3,00    0,00    0,00    6,50    0,00    0,00    0,00    0,00
		kl. 00.33 +0200  all   91,00    0,00    2,50    0,00    0,00    6,50    0,00    0,00    0,00    0,00
		kl. 00.33 +0200  all   92,96    0,00    2,01    0,00    0,00    5,03    0,00    0,00    0,00    0,00
		kl. 00.33 +0200  all   98,00    0,00    2,00    0,00    0,00    0,00    0,00    0,00    0,00    0,00
		kl. 00.33 +0200  all   99,00    0,00    1,00    0,00    0,00    0,00    0,00    0,00    0,00    0,00
		kl. 00.33 +0200  all  100,00    0,00    0,00    0,00    0,00    0,00    0,00    0,00    0,00    0,00

	rtt: 
		1.128194
		pong
		1,0.000086
		2,0.000112
		4,0.000097
		8,0.000107
		16,0.000105
		32,0.000107
		64,0.000106
		128,0.000107
		256,0.000116
		512,0.000128
		1024,0.000129
		2048,0.000160
		4096,0.000210
		8192,0.000323
		16384,0.000449
		32768,0.001095
		65536,0.002063
		131072,0.003418
		262144,0.005640
		524288,0.009372
		1048576,0.018490
		2097152,0.036225
		4194304,0.072046
		8388608,0.143602
		16777216,0.286962
		33554432,0.573731
		67108864,1.146981
		134217728,2.294490
		268435456,4.588781
		536870912,9.182233

Result 4:
	server:
		kl. 00.35 +0200  all  100,00    0,00    0,00    0,00    0,00    0,00    0,00    0,00    0,00    0,00
		kl. 00.35 +0200  all   91,00    0,00    9,00    0,00    0,00    0,00    0,00    0,00    0,00    0,00
		kl. 00.35 +0200  all   77,50    0,00   22,50    0,00    0,00    0,00    0,00    0,00    0,00    0,00
		kl. 00.35 +0200  all   99,50    0,00    0,00    0,00    0,00    0,50    0,00    0,00    0,00    0,00

		kl. 00.35 +0200  CPU    %usr   %nice    %sys %iowait    %irq   %soft  %steal  %guest  %gnice   %idle
		kl. 00.35 +0200  all   91,54    0,00    2,99    0,00    0,00    5,47    0,00    0,00    0,00    0,00
		kl. 00.35 +0200  all   91,96    0,00    3,02    0,00    0,00    5,03    0,00    0,00    0,00    0,00
		kl. 00.35 +0200  all   89,50    0,00    3,00    0,00    0,00    7,50    0,00    0,00    0,00    0,00
		kl. 00.35 +0200  all   93,00    0,00    4,00    0,00    0,00    3,00    0,00    0,00    0,00    0,00
		kl. 00.35 +0200  all   88,50    0,00    4,50    0,00    0,00    7,00    0,00    0,00    0,00    0,00
		kl. 00.35 +0200  all   90,50    0,00    3,00    0,00    0,00    6,50    0,00    0,00    0,00    0,00
		kl. 00.35 +0200  all   89,50    0,00    3,00    0,00    0,00    7,50    0,00    0,00    0,00    0,00
		kl. 00.35 +0200  all   94,00    0,00    3,00    0,00    0,00    3,00    0,00    0,00    0,00    0,00
		kl. 00.35 +0200  all   94,50    0,00    3,50    0,00    0,00    2,00    0,00    0,00    0,00    0,00
		kl. 00.35 +0200  all   90,50    0,00    2,50    0,00    0,00    7,00    0,00    0,00    0,00    0,00
		kl. 00.35 +0200  all   90,50    0,00    2,50    0,00    0,00    7,00    0,00    0,00    0,00    0,00
		kl. 00.35 +0200  all   88,44    0,00    2,51    0,00    0,00    9,05    0,00    0,00    0,00    0,00
		kl. 00.35 +0200  all   88,00    0,00    4,50    0,00    0,00    7,50    0,00    0,00    0,00    0,00
		kl. 00.35 +0200  all   91,00    0,00    4,00    0,00    0,00    5,00    0,00    0,00    0,00    0,00
		kl. 00.35 +0200  all   93,03    0,00    3,48    0,00    0,00    3,48    0,00    0,00    0,00    0,00
		kl. 00.35 +0200  all   94,97    0,00    2,51    0,00    0,00    2,51    0,00    0,00    0,00    0,00
		kl. 00.35 +0200  all   92,54    0,00    3,98    0,00    0,00    3,48    0,00    0,00    0,00    0,00
		kl. 00.35 +0200  all   94,00    0,00    3,50    0,00    0,00    2,50    0,00    0,00    0,00    0,00
		kl. 00.35 +0200  all   97,00    0,00    2,50    0,00    0,00    0,50    0,00    0,00    0,00    0,00
		kl. 00.35 +0200  all  100,00    0,00    0,00    0,00    0,00    0,00    0,00    0,00    0,00    0,00
		kl. 00.35 +0200  all   99,00    0,00    1,00    0,00    0,00    0,00    0,00    0,00    0,00    0,00
		kl. 00.35 +0200  all  100,00    0,00    0,00    0,00    0,00    0,00    0,00    0,00    0,00    0,00
		kl. 00.35 +0200  all  100,00    0,00    0,00    0,00    0,00    0,00    0,00    0,00    0,00    0,00

	client:
		kl. 00.35 +0200  all   93,00    0,00    7,00    0,00    0,00    0,00    0,00    0,00    0,00    0,00
		kl. 00.35 +0200  all   72,36    0,00   27,64    0,00    0,00    0,00    0,00    0,00    0,00    0,00
		kl. 00.35 +0200  all   94,53    0,00    5,47    0,00    0,00    0,00    0,00    0,00    0,00    0,00
		kl. 00.35 +0200  all   94,50    0,00    5,50    0,00    0,00    0,00    0,00    0,00    0,00    0,00
		kl. 00.35 +0200  all   94,50    0,00    4,50    0,00    0,00    1,00    0,00    0,00    0,00    0,00
		kl. 00.35 +0200  all   91,54    0,00    3,48    0,00    0,00    4,98    0,00    0,00    0,00    0,00
		kl. 00.35 +0200  all   93,00    0,00    2,00    0,00    0,00    5,00    0,00    0,00    0,00    0,00
		kl. 00.35 +0200  all   95,98    0,00    2,51    0,00    0,00    1,51    0,00    0,00    0,00    0,00
		kl. 00.35 +0200  all   88,50    0,00    3,50    0,00    0,00    8,00    0,00    0,00    0,00    0,00
		kl. 00.35 +0200  all   94,50    0,00    2,00    0,00    0,00    3,50    0,00    0,00    0,00    0,00
		kl. 00.35 +0200  all   93,50    0,00    3,50    0,00    0,00    3,00    0,00    0,00    0,00    0,00
		kl. 00.35 +0200  all   87,50    0,00    4,50    0,00    0,00    8,00    0,00    0,00    0,00    0,00
		kl. 00.35 +0200  all   91,00    0,00    3,00    0,00    0,00    6,00    0,00    0,00    0,00    0,00
		kl. 00.35 +0200  all   90,50    0,00    4,50    0,00    0,00    5,00    0,00    0,00    0,00    0,00
		kl. 00.35 +0200  all   91,50    0,00    5,00    0,00    0,00    3,50    0,00    0,00    0,00    0,00

		kl. 00.35 +0200  CPU    %usr   %nice    %sys %iowait    %irq   %soft  %steal  %guest  %gnice   %idle
		kl. 00.35 +0200  all   92,50    0,00    4,50    0,00    0,00    3,00    0,00    0,00    0,00    0,00
		kl. 00.35 +0200  all   93,50    0,00    3,50    0,00    0,00    3,00    0,00    0,00    0,00    0,00
		kl. 00.35 +0200  all   93,50    0,00    3,50    0,00    0,00    3,00    0,00    0,00    0,00    0,00
		kl. 00.35 +0200  all   90,00    0,00    3,00    0,00    0,00    7,00    0,00    0,00    0,00    0,00
		kl. 00.35 +0200  all   87,00    0,00    3,00    0,00    0,00   10,00    0,00    0,00    0,00    0,00
		kl. 00.35 +0200  all   92,00    0,00    2,00    0,00    0,00    6,00    0,00    0,00    0,00    0,00
		kl. 00.35 +0200  all   86,50    0,00    3,50    0,00    0,00   10,00    0,00    0,00    0,00    0,00
		kl. 00.35 +0200  all   94,50    0,00    2,50    0,00    0,00    3,00    0,00    0,00    0,00    0,00
		kl. 00.35 +0200  all   97,50    0,00    2,50    0,00    0,00    0,00    0,00    0,00    0,00    0,00
		kl. 00.35 +0200  all  100,00    0,00    0,00    0,00    0,00    0,00    0,00    0,00    0,00    0,00
		kl. 00.35 +0200  all   98,00    0,00    2,00    0,00    0,00    0,00    0,00    0,00    0,00    0,00
		kl. 00.35 +0200  all   99,50    0,00    0,50    0,00    0,00    0,00    0,00    0,00    0,00    0,00

	rtt:
		1.211672
		pong
		1,0.000146
		2,0.000094
		4,0.000106
		8,0.000107
		16,0.000106
		32,0.000106
		64,0.000107
		128,0.000108
		256,0.000117
		512,0.000119
		1024,0.000128
		2048,0.000170
		4096,0.000207
		8192,0.000279
		16384,0.000424
		32768,0.001081
		65536,0.001791
		131072,0.003047
		262144,0.004987
		524288,0.009483
		1048576,0.018329
		2097152,0.036143
		4194304,0.072007
		8388608,0.143619
		16777216,0.286955
		33554432,0.573586
		67108864,1.146694
		134217728,2.294524
		268435456,4.590809
		536870912,9.173621
 
Result 5:
	server:
		kl. 00.37 +0200  all  100,00    0,00    0,00    0,00    0,00    0,00    0,00    0,00    0,00    0,00
		kl. 00.37 +0200  all  100,00    0,00    0,00    0,00    0,00    0,00    0,00    0,00    0,00    0,00
		kl. 00.37 +0200  all   76,00    0,00   24,00    0,00    0,00    0,00    0,00    0,00    0,00    0,00
		kl. 00.37 +0200  all   91,00    0,00    9,00    0,00    0,00    0,00    0,00    0,00    0,00    0,00
		kl. 00.37 +0200  all   90,00    0,00    3,00    0,00    0,00    7,00    0,00    0,00    0,00    0,00
		kl. 00.37 +0200  all   88,94    0,00    5,03    0,00    0,00    6,03    0,00    0,00    0,00    0,00
		kl. 00.37 +0200  all   91,54    0,00    3,48    0,00    0,00    4,98    0,00    0,00    0,00    0,00
		kl. 00.37 +0200  all   94,47    0,00    2,51    0,00    0,00    3,02    0,00    0,00    0,00    0,00
		kl. 00.37 +0200  all   93,03    0,00    3,98    0,00    0,00    2,99    0,00    0,00    0,00    0,00
		kl. 00.37 +0200  all   88,00    0,00    3,00    0,00    0,00    9,00    0,00    0,00    0,00    0,00
		kl. 00.37 +0200  all   86,43    0,00    4,02    0,00    0,00    9,55    0,00    0,00    0,00    0,00
		kl. 00.37 +0200  all   95,02    0,00    2,99    0,00    0,00    1,99    0,00    0,00    0,00    0,00
		kl. 00.37 +0200  all   94,50    0,00    3,00    0,00    0,00    2,50    0,00    0,00    0,00    0,00
		kl. 00.37 +0200  all   91,50    0,00    4,00    0,00    0,00    4,50    0,00    0,00    0,00    0,00
		kl. 00.37 +0200  all   88,00    0,00    4,00    0,00    0,00    8,00    0,00    0,00    0,00    0,00
		kl. 00.38 +0200  all   86,93    0,00    4,02    0,00    0,00    9,05    0,00    0,00    0,00    0,00

		kl. 00.38 +0200  CPU    %usr   %nice    %sys %iowait    %irq   %soft  %steal  %guest  %gnice   %idle
		kl. 00.38 +0200  all   90,55    0,00    2,99    0,00    0,00    6,47    0,00    0,00    0,00    0,00
		kl. 00.38 +0200  all   90,50    0,00    4,00    0,00    0,00    5,50    0,00    0,00    0,00    0,00
		kl. 00.38 +0200  all   92,00    0,00    1,50    0,00    0,00    6,50    0,00    0,00    0,00    0,00
		kl. 00.38 +0200  all   93,53    0,00    3,48    0,00    0,00    2,99    0,00    0,00    0,00    0,00
		kl. 00.38 +0200  all   96,50    0,00    2,00    0,00    0,00    1,50    0,00    0,00    0,00    0,00
		kl. 00.38 +0200  all   91,96    0,00    5,03    0,00    0,00    3,02    0,00    0,00    0,00    0,00
		kl. 00.38 +0200  all   93,97    0,00    4,52    0,00    0,00    1,51    0,00    0,00    0,00    0,00
		kl. 00.38 +0200  all  100,00    0,00    0,00    0,00    0,00    0,00    0,00    0,00    0,00    0,00
		kl. 00.38 +0200  all  100,00    0,00    0,00    0,00    0,00    0,00    0,00    0,00    0,00    0,00

	client:
		kl. 00.37 +0200  all  100,00    0,00    0,00    0,00    0,00    0,00    0,00    0,00    0,00    0,00
		kl. 00.37 +0200  all   90,05    0,00    9,95    0,00    0,00    0,00    0,00    0,00    0,00    0,00
		kl. 00.37 +0200  all   73,87    0,00   26,13    0,00    0,00    0,00    0,00    0,00    0,00    0,00
		kl. 00.37 +0200  all   97,01    0,00    2,99    0,00    0,00    0,00    0,00    0,00    0,00    0,00
		kl. 00.37 +0200  all   96,98    0,00    3,02    0,00    0,00    0,00    0,00    0,00    0,00    0,00
		kl. 00.37 +0200  all   92,54    0,00    3,98    0,00    0,00    3,48    0,00    0,00    0,00    0,00
		kl. 00.37 +0200  all   91,96    0,00    3,02    0,00    0,00    5,03    0,00    0,00    0,00    0,00
		kl. 00.37 +0200  all   96,02    0,00    1,99    0,00    0,00    1,99    0,00    0,00    0,00    0,00
		kl. 00.37 +0200  all   93,97    0,00    2,01    0,00    0,00    4,02    0,00    0,00    0,00    0,00
		kl. 00.37 +0200  all   92,54    0,00    2,49    0,00    0,00    4,98    0,00    0,00    0,00    0,00

		kl. 00.37 +0200  CPU    %usr   %nice    %sys %iowait    %irq   %soft  %steal  %guest  %gnice   %idle
		kl. 00.37 +0200  all   93,00    0,00    4,00    0,00    0,00    3,00    0,00    0,00    0,00    0,00
		kl. 00.37 +0200  all   88,94    0,00    4,52    0,00    0,00    6,53    0,00    0,00    0,00    0,00
		kl. 00.37 +0200  all   91,04    0,00    2,49    0,00    0,00    6,47    0,00    0,00    0,00    0,00
		kl. 00.37 +0200  all   92,00    0,00    2,50    0,00    0,00    5,50    0,00    0,00    0,00    0,00
		kl. 00.37 +0200  all   89,95    0,00    4,52    0,00    0,00    5,53    0,00    0,00    0,00    0,00
		kl. 00.37 +0200  all   93,53    0,00    3,48    0,00    0,00    2,99    0,00    0,00    0,00    0,00
		kl. 00.38 +0200  all   94,00    0,00    3,00    0,00    0,00    3,00    0,00    0,00    0,00    0,00
		kl. 00.38 +0200  all   94,47    0,00    3,02    0,00    0,00    2,51    0,00    0,00    0,00    0,00
		kl. 00.38 +0200  all   93,53    0,00    1,99    0,00    0,00    4,48    0,00    0,00    0,00    0,00
		kl. 00.38 +0200  all   92,96    0,00    2,51    0,00    0,00    4,52    0,00    0,00    0,00    0,00
		kl. 00.38 +0200  all   87,50    0,00    4,50    0,00    0,00    8,00    0,00    0,00    0,00    0,00
		kl. 00.38 +0200  all   92,50    0,00    2,50    0,00    0,00    5,00    0,00    0,00    0,00    0,00
		kl. 00.38 +0200  all   85,07    0,00    7,46    0,00    0,00    7,46    0,00    0,00    0,00    0,00
		kl. 00.38 +0200  all   92,50    0,00    4,50    0,00    0,00    3,00    0,00    0,00    0,00    0,00
		kl. 00.38 +0200  all   97,00    0,00    3,00    0,00    0,00    0,00    0,00    0,00    0,00    0,00
		kl. 00.38 +0200  all  100,00    0,00    0,00    0,00    0,00    0,00    0,00    0,00    0,00    0,00

	rtt: 
		1.156437
		pong
		1,0.000161
		2,0.000105
		4,0.000107
		8,0.000106
		16,0.000105
		32,0.000106
		64,0.000106
		128,0.000108
		256,0.000116
		512,0.000122
		1024,0.000130
		2048,0.000161
		4096,0.000209
		8192,0.000289
		16384,0.000643
		32768,0.001151
		65536,0.002174
		131072,0.004131
		262144,0.006455
		524288,0.009851
		1048576,0.018390
		2097152,0.036195
		4194304,0.072007
		8388608,0.143580
		16777216,0.287063
		33554432,0.573533
		67108864,1.146921
		134217728,2.294537
		268435456,4.592162
		536870912,9.175957

Result 6:
	server:
		kl. 00.40 +0200  all  100,00    0,00    0,00    0,00    0,00    0,00    0,00    0,00    0,00    0,00
		kl. 00.40 +0200  all  100,00    0,00    0,00    0,00    0,00    0,00    0,00    0,00    0,00    0,00
		kl. 00.40 +0200  all   75,50    0,00   24,50    0,00    0,00    0,00    0,00    0,00    0,00    0,00
		kl. 00.40 +0200  all   92,50    0,00    7,50    0,00    0,00    0,00    0,00    0,00    0,00    0,00
		kl. 00.40 +0200  all   88,50    0,00    4,00    0,00    0,00    7,50    0,00    0,00    0,00    0,00
		kl. 00.40 +0200  all   92,00    0,00    3,50    0,00    0,00    4,50    0,00    0,00    0,00    0,00
		kl. 00.40 +0200  all   91,00    0,00    3,00    0,00    0,00    6,00    0,00    0,00    0,00    0,00
		kl. 00.40 +0200  all   93,47    0,00    2,51    0,00    0,00    4,02    0,00    0,00    0,00    0,00

		kl. 00.40 +0200  CPU    %usr   %nice    %sys %iowait    %irq   %soft  %steal  %guest  %gnice   %idle
		kl. 00.40 +0200  all   93,03    0,00    3,48    0,00    0,00    3,48    0,00    0,00    0,00    0,00
		kl. 00.40 +0200  all   82,41    0,00    7,54    0,00    0,00   10,05    0,00    0,00    0,00    0,00
		kl. 00.40 +0200  all   75,62    0,00    9,95    0,00    0,00   13,43    0,00    0,00    0,00    1,00
		kl. 00.40 +0200  all   89,50    0,00    5,50    0,00    0,00    5,00    0,00    0,00    0,00    0,00
		kl. 00.40 +0200  all   93,50    0,00    3,50    0,00    0,00    3,00    0,00    0,00    0,00    0,00
		kl. 00.40 +0200  all   91,96    0,00    2,51    0,00    0,00    5,53    0,00    0,00    0,00    0,00
		kl. 00.40 +0200  all   89,05    0,00    3,48    0,00    0,00    7,46    0,00    0,00    0,00    0,00
		kl. 00.40 +0200  all   90,45    0,00    3,52    0,00    0,00    6,03    0,00    0,00    0,00    0,00
		kl. 00.40 +0200  all   85,57    0,00    4,48    0,00    0,00    9,95    0,00    0,00    0,00    0,00
		kl. 00.40 +0200  all   91,46    0,00    2,51    0,00    0,00    6,03    0,00    0,00    0,00    0,00
		kl. 00.40 +0200  all   94,03    0,00    2,99    0,00    0,00    2,99    0,00    0,00    0,00    0,00
		kl. 00.40 +0200  all   94,00    0,00    3,50    0,00    0,00    2,50    0,00    0,00    0,00    0,00
		kl. 00.40 +0200  all   92,50    0,00    3,50    0,00    0,00    4,00    0,00    0,00    0,00    0,00
		kl. 00.40 +0200  all   94,47    0,00    2,51    0,00    0,00    3,02    0,00    0,00    0,00    0,00
		kl. 00.40 +0200  all   92,50    0,00    5,00    0,00    0,00    2,50    0,00    0,00    0,00    0,00
		kl. 00.40 +0200  all  100,00    0,00    0,00    0,00    0,00    0,00    0,00    0,00    0,00    0,00

	client:
		kl. 00.40 +0200  all  100,00    0,00    0,00    0,00    0,00    0,00    0,00    0,00    0,00    0,00
		kl. 00.40 +0200  all  100,00    0,00    0,00    0,00    0,00    0,00    0,00    0,00    0,00    0,00
		kl. 00.40 +0200  all   87,44    0,00   12,56    0,00    0,00    0,00    0,00    0,00    0,00    0,00
		kl. 00.40 +0200  all   74,00    0,00   26,00    0,00    0,00    0,00    0,00    0,00    0,00    0,00

		kl. 00.40 +0200  CPU    %usr   %nice    %sys %iowait    %irq   %soft  %steal  %guest  %gnice   %idle
		kl. 00.40 +0200  all   96,50    0,00    3,50    0,00    0,00    0,00    0,00    0,00    0,00    0,00
		kl. 00.40 +0200  all   97,50    0,00    2,50    0,00    0,00    0,00    0,00    0,00    0,00    0,00
		kl. 00.40 +0200  all   88,56    0,00    5,97    0,00    0,00    5,47    0,00    0,00    0,00    0,00
		kl. 00.40 +0200  all   94,97    0,00    3,02    0,00    0,00    2,01    0,00    0,00    0,00    0,00
		kl. 00.40 +0200  all   91,54    0,00    3,98    0,00    0,00    4,48    0,00    0,00    0,00    0,00
		kl. 00.40 +0200  all   94,00    0,00    3,00    0,00    0,00    3,00    0,00    0,00    0,00    0,00
		kl. 00.40 +0200  all   91,96    0,00    3,02    0,00    0,00    5,03    0,00    0,00    0,00    0,00
		kl. 00.40 +0200  all   91,54    0,00    2,99    0,00    0,00    5,47    0,00    0,00    0,00    0,00
		kl. 00.40 +0200  all   92,00    0,00    4,00    0,00    0,00    4,00    0,00    0,00    0,00    0,00
		kl. 00.40 +0200  all   90,50    0,00    3,00    0,00    0,00    6,50    0,00    0,00    0,00    0,00
		kl. 00.40 +0200  all   90,95    0,00    3,02    0,00    0,00    6,03    0,00    0,00    0,00    0,00
		kl. 00.40 +0200  all   87,50    0,00    7,00    0,00    0,00    5,50    0,00    0,00    0,00    0,00
		kl. 00.40 +0200  all   89,55    0,00    6,97    0,00    0,00    3,48    0,00    0,00    0,00    0,00
		kl. 00.40 +0200  all   92,00    0,00    5,00    0,00    0,00    3,00    0,00    0,00    0,00    0,00
		kl. 00.40 +0200  all   91,96    0,00    3,52    0,00    0,00    4,52    0,00    0,00    0,00    0,00
		kl. 00.40 +0200  all   94,50    0,00    3,00    0,00    0,00    2,50    0,00    0,00    0,00    0,00

		kl. 00.40 +0200  CPU    %usr   %nice    %sys %iowait    %irq   %soft  %steal  %guest  %gnice   %idle
		kl. 00.40 +0200  all   89,05    0,00    2,99    0,00    0,00    7,96    0,00    0,00    0,00    0,00
		kl. 00.40 +0200  all   86,50    0,00    4,50    0,00    0,00    9,00    0,00    0,00    0,00    0,00
		kl. 00.40 +0200  all   89,50    0,00    3,50    0,00    0,00    7,00    0,00    0,00    0,00    0,00
		kl. 00.40 +0200  all   87,50    0,00    4,00    0,00    0,00    8,50    0,00    0,00    0,00    0,00
		kl. 00.40 +0200  all   96,00    0,00    2,50    0,00    0,00    1,50    0,00    0,00    0,00    0,00
		kl. 00.40 +0200  all   97,99    0,00    2,01    0,00    0,00    0,00    0,00    0,00    0,00    0,00
		kl. 00.40 +0200  all  100,00    0,00    0,00    0,00    0,00    0,00    0,00    0,00    0,00    0,00
		kl. 00.40 +0200  all  100,00    0,00    0,00    0,00    0,00    0,00    0,00    0,00    0,00    0,00

	rtt: 
		1.270465
		pong
		1,0.000158
		2,0.000094
		4,0.000119
		8,0.000106
		16,0.000106
		32,0.000106
		64,0.000107
		128,0.000108
		256,0.000117
		512,0.000119
		1024,0.000128
		2048,0.000157
		4096,0.000210
		8192,0.000322
		16384,0.000430
		32768,0.001094
		65536,0.002060
		131072,0.003408
		262144,0.005649
		524288,0.009532
		1048576,0.018668
		2097152,0.036034
		4194304,0.072089
		8388608,0.143723
		16777216,0.286995
		33554432,0.573728
		67108864,1.149032
		134217728,2.294457
		268435456,4.599113
		536870912,9.174058

Result 7:
	server:
		kl. 00.42 +0200  all  100,00    0,00    0,00    0,00    0,00    0,00    0,00    0,00    0,00    0,00
		kl. 00.42 +0200  all   85,50    0,00   14,50    0,00    0,00    0,00    0,00    0,00    0,00    0,00
		kl. 00.42 +0200  all   82,50    0,00   17,50    0,00    0,00    0,00    0,00    0,00    0,00    0,00
		kl. 00.42 +0200  all   95,98    0,00    0,00    0,00    0,00    4,02    0,00    0,00    0,00    0,00

		kl. 00.42 +0200  CPU    %usr   %nice    %sys %iowait    %irq   %soft  %steal  %guest  %gnice   %idle
		kl. 00.42 +0200  all   92,50    0,00    3,00    0,00    0,00    4,50    0,00    0,00    0,00    0,00
		kl. 00.42 +0200  all   93,53    0,00    2,99    0,00    0,00    3,48    0,00    0,00    0,00    0,00
		kl. 00.42 +0200  all   86,50    0,00    4,50    0,00    0,00    9,00    0,00    0,00    0,00    0,00
		kl. 00.42 +0200  all   93,47    0,00    3,52    0,00    0,00    3,02    0,00    0,00    0,00    0,00
		kl. 00.42 +0200  all   91,54    0,00    2,49    0,00    0,00    5,97    0,00    0,00    0,00    0,00
		kl. 00.42 +0200  all   88,94    0,00    4,52    0,00    0,00    6,53    0,00    0,00    0,00    0,00
		kl. 00.42 +0200  all   93,03    0,00    2,99    0,00    0,00    3,98    0,00    0,00    0,00    0,00
		kl. 00.42 +0200  all   94,47    0,00    3,02    0,00    0,00    2,51    0,00    0,00    0,00    0,00
		kl. 00.42 +0200  all   95,52    0,00    2,49    0,00    0,00    1,99    0,00    0,00    0,00    0,00
		kl. 00.42 +0200  all   89,50    0,00    3,00    0,00    0,00    7,50    0,00    0,00    0,00    0,00
		kl. 00.42 +0200  all   91,50    0,00    3,00    0,00    0,00    5,50    0,00    0,00    0,00    0,00
		kl. 00.42 +0200  all   87,00    0,00    4,00    0,00    0,00    9,00    0,00    0,00    0,00    0,00
		kl. 00.42 +0200  all   90,45    0,00    3,52    0,00    0,00    6,03    0,00    0,00    0,00    0,00
		kl. 00.42 +0200  all   91,04    0,00    3,48    0,00    0,00    5,47    0,00    0,00    0,00    0,00
		kl. 00.42 +0200  all   93,97    0,00    3,52    0,00    0,00    2,51    0,00    0,00    0,00    0,00
		kl. 00.42 +0200  all   95,02    0,00    2,99    0,00    0,00    1,99    0,00    0,00    0,00    0,00
		kl. 00.42 +0200  all   94,50    0,00    3,00    0,00    0,00    2,50    0,00    0,00    0,00    0,00
		kl. 00.42 +0200  all   90,50    0,00    5,50    0,00    0,00    4,00    0,00    0,00    0,00    0,00
		kl. 00.42 +0200  all   99,50    0,00    0,50    0,00    0,00    0,00    0,00    0,00    0,00    0,00
		kl. 00.42 +0200  all  100,00    0,00    0,00    0,00    0,00    0,00    0,00    0,00    0,00    0,00
	client:
		kl. 00.42 +0200  CPU    %usr   %nice    %sys %iowait    %irq   %soft  %steal  %guest  %gnice   %idle
		kl. 00.42 +0200  all   99,50    0,00    0,50    0,00    0,00    0,00    0,00    0,00    0,00    0,00
		kl. 00.42 +0200  all   91,50    0,00    8,50    0,00    0,00    0,00    0,00    0,00    0,00    0,00
		kl. 00.42 +0200  all   74,00    0,00   26,00    0,00    0,00    0,00    0,00    0,00    0,00    0,00
		kl. 00.42 +0200  all  100,00    0,00    0,00    0,00    0,00    0,00    0,00    0,00    0,00    0,00
		kl. 00.42 +0200  all   99,00    0,00    0,50    0,00    0,00    0,50    0,00    0,00    0,00    0,00
		kl. 00.42 +0200  all   90,45    0,00    4,52    0,00    0,00    5,03    0,00    0,00    0,00    0,00
		kl. 00.42 +0200  all   93,53    0,00    4,48    0,00    0,00    1,99    0,00    0,00    0,00    0,00
		kl. 00.42 +0200  all   90,50    0,00    4,00    0,00    0,00    5,50    0,00    0,00    0,00    0,00
		kl. 00.42 +0200  all   92,00    0,00    3,50    0,00    0,00    4,50    0,00    0,00    0,00    0,00
		kl. 00.42 +0200  all   86,00    0,00    4,50    0,00    0,00    9,50    0,00    0,00    0,00    0,00
		kl. 00.42 +0200  all   93,00    0,00    4,50    0,00    0,00    2,50    0,00    0,00    0,00    0,00
		kl. 00.42 +0200  all   89,00    0,00    4,50    0,00    0,00    6,50    0,00    0,00    0,00    0,00
		kl. 00.42 +0200  all   90,50    0,00    3,50    0,00    0,00    6,00    0,00    0,00    0,00    0,00
		kl. 00.42 +0200  all   90,05    0,00    2,99    0,00    0,00    6,97    0,00    0,00    0,00    0,00
		kl. 00.42 +0200  all   91,00    0,00    6,00    0,00    0,00    3,00    0,00    0,00    0,00    0,00
		kl. 00.42 +0200  all   91,50    0,00    5,00    0,00    0,00    3,50    0,00    0,00    0,00    0,00

		kl. 00.42 +0200  CPU    %usr   %nice    %sys %iowait    %irq   %soft  %steal  %guest  %gnice   %idle
		kl. 00.42 +0200  all   94,00    0,00    3,50    0,00    0,00    2,50    0,00    0,00    0,00    0,00
		kl. 00.42 +0200  all   95,50    0,00    2,00    0,00    0,00    2,50    0,00    0,00    0,00    0,00
		kl. 00.42 +0200  all   93,00    0,00    3,50    0,00    0,00    3,50    0,00    0,00    0,00    0,00
		kl. 00.42 +0200  all   88,50    0,00    3,00    0,00    0,00    8,50    0,00    0,00    0,00    0,00
		kl. 00.42 +0200  all   90,50    0,00    3,00    0,00    0,00    6,50    0,00    0,00    0,00    0,00
		kl. 00.42 +0200  all   89,45    0,00    2,51    0,00    0,00    8,04    0,00    0,00    0,00    0,00
		kl. 00.42 +0200  all   88,06    0,00    4,48    0,00    0,00    7,46    0,00    0,00    0,00    0,00
		kl. 00.42 +0200  all   89,50    0,00    4,00    0,00    0,00    6,50    0,00    0,00    0,00    0,00
		kl. 00.42 +0200  all   96,00    0,00    4,00    0,00    0,00    0,00    0,00    0,00    0,00    0,00
		kl. 00.42 +0200  all   99,00    0,00    1,00    0,00    0,00    0,00    0,00    0,00    0,00    0,00
		kl. 00.42 +0200  all   99,00    0,00    1,00    0,00    0,00    0,00    0,00    0,00    0,00    0,00
		
	rtt: 
		1.086021
		pong
		1,0.000121
		2,0.000093
		4,0.000106
		8,0.000106
		16,0.000107
		32,0.000106
		64,0.000106
		128,0.000108
		256,0.000117
		512,0.000121
		1024,0.000131
		2048,0.000161
		4096,0.000229
		8192,0.000281
		16384,0.000431
		32768,0.001185
		65536,0.003134
		131072,0.004160
		262144,0.006463
		524288,0.010173
		1048576,0.019193
		2097152,0.036803
		4194304,0.071928
		8388608,0.143717
		16777216,0.286965
		33554432,0.573731
		67108864,1.146906
		134217728,2.297307
		268435456,4.588136
		536870912,9.180497

