Result 1:
	server:
		kl. 00.06 +0200  all    0,50    0,00    0,50    0,00    0,00    0,00    0,00    0,00    0,00   99,00
		kl. 00.06 +0200  all    0,00    0,00    0,00    0,50    0,00    0,00    0,00    0,00    0,00   99,50
		kl. 00.07 +0200  all    3,50    0,00   33,50    0,00    0,00    0,00    0,00    0,00    0,00   63,00
		kl. 00.07 +0200  all    0,00    0,00    0,51    0,00    0,00    0,51    0,00    0,00    0,00   98,99
		kl. 00.07 +0200  all    0,00    0,00    5,76    0,00    0,00    4,19    0,00    0,00    0,00   90,05
		kl. 00.07 +0200  all    0,53    0,00    5,32    1,06    0,00    4,26    0,00    0,00    0,00   88,83
		kl. 00.07 +0200  all    0,00    0,00    5,85    0,00    0,00    5,85    0,00    0,00    0,00   88,30
		kl. 00.07 +0200  all    0,00    0,00    5,18    0,52    0,00    3,11    0,00    0,00    0,00   91,19
		kl. 00.07 +0200  all    0,00    0,00    4,79    0,00    0,00    3,72    0,00    0,00    0,00   91,49
		kl. 00.07 +0200  all    0,00    0,00    4,89    0,00    0,00    7,07    0,00    0,00    0,00   88,04
		kl. 00.07 +0200  all    0,00    0,00    5,35    0,00    0,00    4,81    0,00    0,00    0,00   89,84
		kl. 00.07 +0200  all    0,00    0,00    3,57    0,00    0,00    3,06    0,00    0,00    0,00   93,37
		kl. 00.07 +0200  all    0,51    0,00    4,04    0,00    0,00    3,03    0,00    0,00    0,00   92,42
		kl. 00.07 +0200  all    0,00    0,00    5,41    0,00    0,00    5,95    0,00    0,00    0,00   88,65
		kl. 00.07 +0200  all    0,53    0,00    7,98    0,00    0,00    4,79    0,00    0,00    0,00   86,70
		kl. 00.07 +0200  all    1,09    0,00    5,98    0,54    0,00    4,89    0,00    0,00    0,00   87,50
		kl. 00.07 +0200  all    0,00    0,00    4,95   10,99    0,00    6,04    0,00    0,00    0,00   78,02
		kl. 00.07 +0200  all    0,00    0,00    6,32    0,00    0,00    5,26    0,00    0,00    0,00   88,42
		kl. 00.07 +0200  all    0,00    0,00    3,61    0,00    0,00    2,06    0,00    0,00    0,00   94,33
		kl. 00.07 +0200  all    0,00    0,00    4,10    0,00    0,00    2,56    0,00    0,00    0,00   93,33
		kl. 00.07 +0200  all    0,00    0,00    3,12    0,00    0,00    1,56    0,00    0,00    0,00   95,31
		kl. 00.07 +0200  all    0,00    0,00    3,61    0,00    0,00    2,58    0,00    0,00    0,00   93,81

		kl. 00.07 +0200  CPU    %usr   %nice    %sys %iowait    %irq   %soft  %steal  %guest  %gnice   %idle
		kl. 00.07 +0200  all    0,00    0,00    4,00    2,00    0,00    0,50    0,00    0,00    0,00   93,50
		kl. 00.07 +0200  all    0,00    0,00    0,00    0,00    0,00    0,00    0,00    0,00    0,00  100,00
		kl. 00.07 +0200  all    0,00    0,00    0,00    0,00    0,00    0,00    0,00    0,00    0,00  100,00
		kl. 00.07 +0200  all    0,00    0,00    0,00    0,00    0,00    0,00    0,00    0,00    0,00  100,00
			
	client:
		kl. 00.06 +0200  all    1,01    0,00    0,51    0,00    0,00    0,00    0,00    0,00    0,00   98,48
		kl. 00.06 +0200  all    2,02    0,00    0,51    0,00    0,00    0,00    0,00    0,00    0,00   97,47
		kl. 00.06 +0200  all    6,93    0,00   11,88    0,50    0,00    0,00    0,00    0,00    0,00   80,69
		kl. 00.07 +0200  all    4,08    0,00   27,04    1,02    0,00    0,00    0,00    0,00    0,00   67,86
		kl. 00.07 +0200  all    1,50    0,00    1,00    0,00    0,00    0,00    0,00    0,00    0,00   97,50
		kl. 00.07 +0200  all    0,00    0,00    4,55    0,00    0,00    5,56    0,00    0,00    0,00   89,90
		kl. 00.07 +0200  all    0,54    0,00    3,78    0,00    0,00    2,16    0,00    0,00    0,00   93,51
		kl. 00.07 +0200  all    0,55    0,00    3,31    0,00    0,00    4,42    0,00    0,00    0,00   91,71
		kl. 00.07 +0200  all    1,60    0,00    3,19    0,00    0,00    2,13    0,00    0,00    0,00   93,09
		kl. 00.07 +0200  all    0,00    0,00    7,57    1,62    0,00    5,41    0,00    0,00    0,00   85,41
		kl. 00.07 +0200  all    0,53    0,00    2,12    0,00    0,00    2,65    0,00    0,00    0,00   94,71
		kl. 00.07 +0200  all    1,05    0,00    3,14    0,00    0,00    2,09    0,00    0,00    0,00   93,72
		kl. 00.07 +0200  all    1,10    0,00    3,31    0,00    0,00    4,97    0,00    0,00    0,00   90,61
		kl. 00.07 +0200  all    7,07    0,00    8,08    0,00    0,00    5,05    0,00    0,00    0,00   79,80
		kl. 00.07 +0200  all    5,10    0,00    6,12    0,00    0,00    2,04    0,00    0,00    0,00   86,73

		kl. 00.07 +0200  CPU    %usr   %nice    %sys %iowait    %irq   %soft  %steal  %guest  %gnice   %idle
		kl. 00.07 +0200  all    4,88    0,00    4,88    0,00    0,00    2,93    0,00    0,00    0,00   87,32
		kl. 00.07 +0200  all    3,33    0,00   10,00   12,38    0,00    2,38    0,00    0,00    0,00   71,90
		kl. 00.07 +0200  all    0,00    0,00    6,12    0,00    0,00    2,55    0,00    0,00    0,00   91,33
		kl. 00.07 +0200  all    1,01    0,00    6,53    1,51    0,00    2,51    0,00    0,00    0,00   88,44
		kl. 00.07 +0200  all    0,00    0,00    5,62    0,00    0,00    5,06    0,00    0,00    0,00   89,33
		kl. 00.07 +0200  all    0,00    0,00    5,65    0,00    0,00    5,08    0,00    0,00    0,00   89,27
		kl. 00.07 +0200  all    0,56    0,00    5,62    0,00    0,00    5,06    0,00    0,00    0,00   88,76
		kl. 00.07 +0200  all    0,55    0,00    4,42    0,00    0,00    7,73    0,00    0,00    0,00   87,29
		kl. 00.07 +0200  all    0,52    0,00    6,28    1,05    0,00    4,19    0,00    0,00    0,00   87,96
		kl. 00.07 +0200  all    1,01    0,00    3,03    0,00    0,00    0,00    0,00    0,00    0,00   95,96
		kl. 00.07 +0200  all    0,51    0,00    1,01    0,00    0,00    0,00    0,00    0,00    0,00   98,48
		kl. 00.07 +0200  all    0,00    0,00    0,00    0,51    0,00    0,00    0,00    0,00    0,00   99,49
		kl. 00.07 +0200  all    0,00    0,00    0,00    0,00    0,00    0,00    0,00    0,00    0,00  100,00

	rtt: 
		0.731299
		pong
		1,0.000156
		2,0.000110
		4,0.000108
		8,0.000107
		16,0.000109
		32,0.000116
		64,0.000105
		128,0.000106
		256,0.000107
		512,0.000106
		1024,0.000147
		2048,0.000219
		4096,0.000226
		8192,0.000333
		16384,0.000459
		32768,0.001520
		65536,0.002330
		131072,0.004201
		262144,0.006546
		524288,0.009453
		1048576,0.018244
		2097152,0.036211
		4194304,0.072119
		8388608,0.143655
		16777216,0.287003
		33554432,0.573582
		67108864,1.146812
		134217728,2.294453
		268435456,4.588600
		536870912,9.177557

Result 2:
	server:
		kl. 00.10 +0200  all    0,00    0,00    0,00    0,00    0,00    0,00    0,00    0,00    0,00  100,00
		kl. 00.10 +0200  all    0,00    0,00    0,00    0,00    0,00    0,00    0,00    0,00    0,00  100,00
		kl. 00.10 +0200  all    2,01    0,00   27,14    0,00    0,00    0,00    0,00    0,00    0,00   70,85
		kl. 00.10 +0200  all    0,50    0,00    6,97    1,49    0,00    0,00    0,00    0,00    0,00   91,04
		kl. 00.10 +0200  all    0,53    0,00    4,21    0,00    0,00    4,21    0,00    0,00    0,00   91,05

		kl. 00.10 +0200  CPU    %usr   %nice    %sys %iowait    %irq   %soft  %steal  %guest  %gnice   %idle
		kl. 00.10 +0200  all    0,00    0,00    4,35    0,00    0,00    3,26    0,00    0,00    0,00   92,39
		kl. 00.10 +0200  all    0,53    0,00    4,81    0,00    0,00    2,14    0,00    0,00    0,00   92,51
		kl. 00.11 +0200  all    0,51    0,00    5,58    0,00    0,00    7,61    0,00    0,00    0,00   86,29
		kl. 00.11 +0200  all    0,00    0,00    3,17    0,00    0,00    2,65    0,00    0,00    0,00   94,18
		kl. 00.11 +0200  all    0,00    0,00    8,95    0,53    0,00    5,26    0,00    0,00    0,00   85,26
		kl. 00.11 +0200  all    0,00    0,00    4,95    0,00    0,00    5,49    0,00    0,00    0,00   89,56
		kl. 00.11 +0200  all    0,52    0,00    2,59    0,00    0,00    3,63    0,00    0,00    0,00   93,26
		kl. 00.11 +0200  all    0,00    0,00    3,06    1,53    0,00    3,57    0,00    0,00    0,00   91,84
		kl. 00.11 +0200  all    0,00    0,00    6,74    0,00    0,00    5,70    0,00    0,00    0,00   87,56
		kl. 00.11 +0200  all    0,00    0,00    6,56    0,55    0,00    4,37    0,00    0,00    0,00   88,52
		kl. 00.11 +0200  all    0,53    0,00    5,35    0,00    0,00    7,49    0,00    0,00    0,00   86,63
		kl. 00.11 +0200  all    0,55    0,00    7,65    0,00    0,00    2,73    0,00    0,00    0,00   89,07
		kl. 00.11 +0200  all    0,55    0,00    5,46    0,00    0,00    5,46    0,00    0,00    0,00   88,52
		kl. 00.11 +0200  all    0,00    0,00    2,62    0,00    0,00    1,57    0,00    0,00    0,00   95,81
		kl. 00.11 +0200  all    0,00    0,00    2,62    1,05    0,00    1,57    0,00    0,00    0,00   94,76
		kl. 00.11 +0200  all    0,00    0,00    4,57    0,51    0,00    2,03    0,00    0,00    0,00   92,89
		kl. 00.11 +0200  all    0,00    0,00    4,10    0,00    0,00    1,54    0,00    0,00    0,00   94,36
		kl. 00.11 +0200  all    0,00    0,00    4,57    0,00    0,00    1,02    0,00    0,00    0,00   94,42
		kl. 00.11 +0200  all    0,00    0,00    0,00    0,00    0,00    0,00    0,00    0,00    0,00  100,00
		kl. 00.11 +0200  all    0,50    0,00    1,00    0,00    0,00    0,00    0,00    0,00    0,00   98,50
		kl. 00.11 +0200  all    0,00    0,00    0,00    0,00    0,00    0,00    0,00    0,00    0,00  100,00
		kl. 00.11 +0200  all    0,00    0,00    0,00    0,00    0,00    0,00    0,00    0,00    0,00  100,00

	client:
		kl. 00.10 +0200  all    0,00    0,00    0,00    0,00    0,00    0,00    0,00    0,00    0,00  100,00
		kl. 00.10 +0200  all    6,15    0,00    9,23    0,00    0,00    0,00    0,00    0,00    0,00   84,62
		kl. 00.10 +0200  all    7,21    0,00   27,40    0,00    0,00    0,00    0,00    0,00    0,00   65,38
		kl. 00.10 +0200  all    4,74    0,00    2,84    0,95    0,00    0,00    0,00    0,00    0,00   91,47
		kl. 00.10 +0200  all    4,90    0,00    5,88    0,00    0,00    1,96    0,00    0,00    0,00   87,25
		kl. 00.10 +0200  all    5,00    0,00    4,50    0,00    0,00    4,00    0,00    0,00    0,00   86,50
		kl. 00.10 +0200  all    1,63    0,00    5,43    0,00    0,00    2,72    0,00    0,00    0,00   90,22
		kl. 00.11 +0200  all    0,00    0,00    3,76    0,00    0,00    2,15    0,00    0,00    0,00   94,09
		kl. 00.11 +0200  all    0,56    0,00    6,11    0,00    0,00    3,89    0,00    0,00    0,00   89,44
		kl. 00.11 +0200  all    0,52    0,00    4,69    0,00    0,00    2,08    0,00    0,00    0,00   92,71
		kl. 00.11 +0200  all    1,05    0,00    3,16    0,00    0,00    1,58    0,00    0,00    0,00   94,21
		kl. 00.11 +0200  all    1,58    0,00    6,32    1,05    0,00    7,37    0,00    0,00    0,00   83,68
		kl. 00.11 +0200  all    0,00    0,00    7,18    0,00    0,00    5,52    0,00    0,00    0,00   87,29
		kl. 00.11 +0200  all    1,05    0,00    5,24    0,00    0,00    5,76    0,00    0,00    0,00   87,96
		kl. 00.11 +0200  all    2,99    0,00    4,98    0,00    0,00    2,99    0,00    0,00    0,00   89,05
		kl. 00.11 +0200  all    3,47    0,00    6,44    0,00    0,00    1,98    0,00    0,00    0,00   88,12

		kl. 00.11 +0200  CPU    %usr   %nice    %sys %iowait    %irq   %soft  %steal  %guest  %gnice   %idle
		kl. 00.11 +0200  all    3,45    0,00    5,91    0,00    0,00    2,96    0,00    0,00    0,00   87,68
		kl. 00.11 +0200  all    0,00    0,00    3,14    1,57    0,00    3,14    0,00    0,00    0,00   92,15
		kl. 00.11 +0200  all    1,64    0,00    6,01    0,00    0,00    3,83    0,00    0,00    0,00   88,52
		kl. 00.11 +0200  all    0,56    0,00    5,06    0,00    0,00    5,06    0,00    0,00    0,00   89,33
		kl. 00.11 +0200  all    0,56    0,00    6,67    0,00    0,00    4,44    0,00    0,00    0,00   88,33
		kl. 00.11 +0200  all    0,00    0,00    5,56    0,00    0,00    5,56    0,00    0,00    0,00   88,89
		kl. 00.11 +0200  all    0,00    0,00    3,70    0,00    0,00    6,35    0,00    0,00    0,00   89,95
		kl. 00.11 +0200  all    0,51    0,00    2,55    0,00    0,00    0,00    0,00    0,00    0,00   96,94
		kl. 00.11 +0200  all    1,01    0,00    1,51    0,00    0,00    0,00    0,00    0,00    0,00   97,49
		kl. 00.11 +0200  all    1,02    0,00    0,00    0,00    0,00    0,00    0,00    0,00    0,00   98,98

	rtt: 
		0.728268
		pong
		1,0.000161
		2,0.000096
		4,0.000103
		8,0.000102
		16,0.000101
		32,0.000095
		64,0.000101
		128,0.000103
		256,0.000102
		512,0.000128
		1024,0.000148
		2048,0.000226
		4096,0.000236
		8192,0.000293
		16384,0.000446
		32768,0.001075
		65536,0.001890
		131072,0.003604
		262144,0.005689
		524288,0.009935
		1048576,0.018265
		2097152,0.036250
		4194304,0.072112
		8388608,0.143632
		16777216,0.287022
		33554432,0.574178
		67108864,1.146864
		134217728,2.294708
		268435456,4.588491
		536870912,9.174593

Result 3:
	server:
		kl. 00.14 +0200  all    0,00    0,00    0,00    0,00    0,00    0,00    0,00    0,00    0,00  100,00
		kl. 00.14 +0200  all    3,52    0,00   33,17    0,00    0,00    0,00    0,00    0,00    0,00   63,32

		kl. 00.14 +0200  CPU    %usr   %nice    %sys %iowait    %irq   %soft  %steal  %guest  %gnice   %idle
		kl. 00.14 +0200  all    0,00    0,00    1,02    0,00    0,00    1,02    0,00    0,00    0,00   97,96
		kl. 00.14 +0200  all    0,00    0,00    6,12    0,51    0,00    5,61    0,00    0,00    0,00   87,76
		kl. 00.14 +0200  all    0,00    0,00    5,61    0,00    0,00    6,12    0,00    0,00    0,00   88,27
		kl. 00.14 +0200  all    0,00    0,00    6,95    0,00    0,00    5,88    0,00    0,00    0,00   87,17
		kl. 00.14 +0200  all    1,02    0,00    4,08    0,00    0,00    5,10    0,00    0,00    0,00   89,80
		kl. 00.14 +0200  all    0,51    0,00    5,64    0,00    0,00    6,67    0,00    0,00    0,00   87,18
		kl. 00.14 +0200  all    0,00    0,00    7,03    0,00    0,00    5,41    0,00    0,00    0,00   87,57
		kl. 00.14 +0200  all    0,00    0,00    4,79    0,00    0,00    5,32    0,00    0,00    0,00   89,89
		kl. 00.14 +0200  all    0,00    0,00    4,08    0,00    0,00    2,55    0,00    0,00    0,00   93,37
		kl. 00.14 +0200  all    0,00    0,00    4,59    1,02    0,00    2,55    0,00    0,00    0,00   91,84
		kl. 00.14 +0200  all    0,00    0,00    5,06    0,00    0,00    3,37    0,00    0,00    0,00   91,57
		kl. 00.14 +0200  all    0,55    0,00    5,52    0,00    0,00    4,42    0,00    0,00    0,00   89,50
		kl. 00.14 +0200  all    0,00    0,00    7,85    0,52    0,00    7,33    0,00    0,00    0,00   84,29
		kl. 00.14 +0200  all    0,53    0,00    6,32    0,00    0,00    7,89    0,00    0,00    0,00   85,26
		kl. 00.14 +0200  all    0,00    0,00    3,72    0,00    0,00    5,32    0,00    0,00    0,00   90,96
		kl. 00.14 +0200  all    0,00    0,00    1,05    0,00    0,00    2,63    0,00    0,00    0,00   96,32
		kl. 00.14 +0200  all    0,00    0,00    2,60    0,00    0,00    2,08    0,00    0,00    0,00   95,31
		kl. 00.14 +0200  all    0,51    0,00    4,10    0,00    0,00    2,56    0,00    0,00    0,00   92,82
		kl. 00.14 +0200  all    0,00    0,00    4,15    0,00    0,00    1,55    0,00    0,00    0,00   94,30
		kl. 00.14 +0200  all    0,00    0,00    3,47    0,00    0,00    0,50    0,00    0,00    0,00   96,04
		kl. 00.14 +0200  all    0,50    0,00    0,00    0,50    0,00    0,00    0,00    0,00    0,00   99,00

	client:
		kl. 00.14 +0200  all    3,47    0,00    0,50    0,50    0,00    0,00    0,00    0,00    0,00   95,54
		kl. 00.14 +0200  all    3,79    0,00    3,79    0,00    0,00    0,00    0,00    0,00    0,00   92,42
		kl. 00.14 +0200  all   11,11    0,00   38,16    0,00    0,00    0,00    0,00    0,00    0,00   50,72
		kl. 00.14 +0200  all    4,78    0,00    1,91    0,00    0,00    0,00    0,00    0,00    0,00   93,30
		kl. 00.14 +0200  all    1,97    0,00    3,94    0,00    0,00    2,96    0,00    0,00    0,00   91,13
		kl. 00.14 +0200  all    0,00    0,00    5,35    0,00    0,00    3,74    0,00    0,00    0,00   90,91
		kl. 00.14 +0200  all    1,08    0,00    6,45    0,00    0,00    3,23    0,00    0,00    0,00   89,25
		kl. 00.14 +0200  all    0,52    0,00    3,66    0,00    0,00    1,57    0,00    0,00    0,00   94,24
		kl. 00.14 +0200  all    1,63    0,00    5,98    1,63    0,00    6,52    0,00    0,00    0,00   84,24
		kl. 00.14 +0200  all    1,08    0,00    2,69    0,00    0,00    2,15    0,00    0,00    0,00   94,09
		kl. 00.14 +0200  all    0,00    0,00    3,72    0,00    0,00    1,60    0,00    0,00    0,00   94,68
		kl. 00.14 +0200  all    0,00    0,00    3,30    0,00    0,00    3,30    0,00    0,00    0,00   93,41
		kl. 00.14 +0200  all    0,56    0,00    5,56    0,00    0,00    5,56    0,00    0,00    0,00   88,33
		kl. 00.14 +0200  all    1,10    0,00    4,40    1,10    0,00    4,95    0,00    0,00    0,00   88,46
		kl. 00.14 +0200  all    1,02    0,00    5,08    0,51    0,00    2,54    0,00    0,00    0,00   90,86

		kl. 00.14 +0200  CPU    %usr   %nice    %sys %iowait    %irq   %soft  %steal  %guest  %gnice   %idle
		kl. 00.14 +0200  all    4,46    0,00    3,96    0,00    0,00    2,48    0,00    0,00    0,00   89,11
		kl. 00.14 +0200  all    4,08    0,00    3,06    0,00    0,00    2,04    0,00    0,00    0,00   90,82
		kl. 00.14 +0200  all    3,55    0,00    2,54    0,00    0,00    3,05    0,00    0,00    0,00   90,86
		kl. 00.14 +0200  all    0,55    0,00    4,95    0,00    0,00    3,30    0,00    0,00    0,00   91,21
		kl. 00.14 +0200  all    0,54    0,00    6,52    0,00    0,00    7,07    0,00    0,00    0,00   85,87
		kl. 00.14 +0200  all    0,55    0,00    6,59    0,00    0,00    6,59    0,00    0,00    0,00   86,26
		kl. 00.14 +0200  all    1,09    0,00    6,52    0,00    0,00    7,61    0,00    0,00    0,00   84,78
		kl. 00.14 +0200  all    0,00    0,00    7,33    0,00    0,00    8,90    0,00    0,00    0,00   83,77
		kl. 00.14 +0200  all    1,52    0,00    2,02    0,00    0,00    0,00    0,00    0,00    0,00   96,46
		kl. 00.14 +0200  all    1,51    0,00    1,51    0,00    0,00    0,00    0,00    0,00    0,00   96,98
		kl. 00.14 +0200  all    0,51    0,00    0,00    0,00    0,00    0,00    0,00    0,00    0,00   99,49
	rtt: 
		0.728702
		pong
		1,0.000174
		2,0.000109
		4,0.000115
		8,0.000113
		16,0.000116
		32,0.000112
		64,0.000112
		128,0.000115
		256,0.000130
		512,0.000112
		1024,0.000152
		2048,0.000218
		4096,0.000235
		8192,0.000325
		16384,0.000435
		32768,0.001042
		65536,0.001593
		131072,0.002852
		262144,0.005642
		524288,0.009632
		1048576,0.018380
		2097152,0.036198
		4194304,0.072099
		8388608,0.143732
		16777216,0.287016
		33554432,0.573566
		67108864,1.146988
		134217728,2.294113
		268435456,4.588375
		536870912,9.174001

Result 4:
	server:
		kl. 00.17 +0200  all    0,50    0,00    0,00    0,50    0,00    0,00    0,00    0,00    0,00   99,00
		kl. 00.17 +0200  all    0,50    0,00    2,50    0,50    0,00    0,00    0,00    0,00    0,00   96,50
		kl. 00.17 +0200  all    7,00    0,00   29,00    0,50    0,00    0,00    0,00    0,00    0,00   63,50

		kl. 00.17 +0200  CPU    %usr   %nice    %sys %iowait    %irq   %soft  %steal  %guest  %gnice   %idle
		kl. 00.17 +0200  all    0,00    0,00    3,02    0,50    0,00    1,01    0,00    0,00    0,00   95,48
		kl. 00.17 +0200  all    0,53    0,00    4,23    0,00    0,00    4,76    0,00    0,00    0,00   90,48
		kl. 00.17 +0200  all    0,00    0,00    5,76    0,00    0,00    3,66    0,00    0,00    0,00   90,58
		kl. 00.17 +0200  all    0,00    0,00    6,99    1,08    0,00    5,91    0,00    0,00    0,00   86,02
		kl. 00.17 +0200  all    0,00    0,00    3,17    0,00    0,00    2,12    0,00    0,00    0,00   94,71
		kl. 00.17 +0200  all    0,00    0,00    3,26    0,54    0,00    4,35    0,00    0,00    0,00   91,85
		kl. 00.17 +0200  all    1,05    0,00    7,33    0,00    0,00    5,76    0,00    0,00    0,00   85,86
		kl. 00.17 +0200  all    0,54    0,00    3,76    0,00    0,00    4,84    0,00    0,00    0,00   90,86
		kl. 00.17 +0200  all    0,00    0,00    4,10    0,00    0,00    2,05    0,00    0,00    0,00   93,85
		kl. 00.17 +0200  all    0,00    0,00    3,65    0,00    0,00    2,08    0,00    0,00    0,00   94,27
		kl. 00.17 +0200  all    0,00    0,00    7,85    0,00    0,00    7,33    0,00    0,00    0,00   84,82
		kl. 00.17 +0200  all    0,55    0,00    6,56    0,00    0,00    4,37    0,00    0,00    0,00   88,52
		kl. 00.17 +0200  all    0,53    0,00    5,85    0,00    0,00    7,45    0,00    0,00    0,00   86,17
		kl. 00.17 +0200  all    0,54    0,00    6,49    0,00    0,00    6,49    0,00    0,00    0,00   86,49
		kl. 00.17 +0200  all    0,00    0,00    6,22    0,00    0,00    3,63    0,00    0,00    0,00   90,16
		kl. 00.17 +0200  all    0,00    0,00    3,11    0,52    0,00    2,07    0,00    0,00    0,00   94,30
		kl. 00.17 +0200  all    0,00    0,00    2,59    0,00    0,00    2,59    0,00    0,00    0,00   94,82
		kl. 00.17 +0200  all    0,00    0,00    3,06    0,00    0,00    4,08    0,00    0,00    0,00   92,86
		kl. 00.17 +0200  all    0,00    0,00    3,09    3,09    0,00    2,06    0,00    0,00    0,00   91,75
		kl. 00.17 +0200  all    0,00    0,00    2,51    0,00    0,00    0,00    0,00    0,00    0,00   97,49
		kl. 00.17 +0200  all    0,00    0,00    0,00    0,00    0,00    0,00    0,00    0,00    0,00  100,00
		kl. 00.17 +0200  all    0,00    0,00    0,00    0,00    0,00    0,00    0,00    0,00    0,00  100,00

	client:
		kl. 00.16 +0200  CPU    %usr   %nice    %sys %iowait    %irq   %soft  %steal  %guest  %gnice   %idle
		kl. 00.16 +0200  all    1,01    0,00    0,51    0,00    0,00    0,00    0,00    0,00    0,00   98,48
		kl. 00.16 +0200  all    1,51    0,00    0,50    0,00    0,00    0,00    0,00    0,00    0,00   97,99
		kl. 00.17 +0200  all    1,51    0,00    0,50    0,00    0,00    0,00    0,00    0,00    0,00   97,99
		kl. 00.17 +0200  all   13,27    0,00   27,01    0,47    0,00    0,00    0,00    0,00    0,00   59,24
		kl. 00.17 +0200  all    5,29    0,00   12,02    0,96    0,00    0,00    0,00    0,00    0,00   81,73
		kl. 00.17 +0200  all    3,86    0,00    2,90    0,00    0,00    0,48    0,00    0,00    0,00   92,75
		kl. 00.17 +0200  all    3,63    0,00    5,70    0,00    0,00    3,11    0,00    0,00    0,00   87,56
		kl. 00.17 +0200  all    0,00    0,00    2,79    0,00    0,00    2,23    0,00    0,00    0,00   94,97
		kl. 00.17 +0200  all    1,03    0,00    5,15    0,00    0,00    4,12    0,00    0,00    0,00   89,69
		kl. 00.17 +0200  all    0,54    0,00    5,38    1,08    0,00    5,38    0,00    0,00    0,00   87,63
		kl. 00.17 +0200  all    0,53    0,00    6,32    0,00    0,00    4,74    0,00    0,00    0,00   88,42
		kl. 00.17 +0200  all    0,53    0,00    3,17    0,00    0,00    1,59    0,00    0,00    0,00   94,71
		kl. 00.17 +0200  all    1,06    0,00    3,70    0,00    0,00    2,65    0,00    0,00    0,00   92,59
		kl. 00.17 +0200  all    0,55    0,00    5,52    0,55    0,00    5,52    0,00    0,00    0,00   87,85
		kl. 00.17 +0200  all    1,11    0,00    5,00    0,00    0,00    5,56    0,00    0,00    0,00   88,33
		kl. 00.17 +0200  all    0,53    0,00    3,16    0,00    0,00    3,68    0,00    0,00    0,00   92,63

		kl. 00.17 +0200  CPU    %usr   %nice    %sys %iowait    %irq   %soft  %steal  %guest  %gnice   %idle
		kl. 00.17 +0200  all    4,00    0,00    4,00    0,00    0,00    3,00    0,00    0,00    0,00   89,00
		kl. 00.17 +0200  all    5,29    0,00    6,73    0,00    0,00    1,92    0,00    0,00    0,00   86,06
		kl. 00.17 +0200  all    4,43    0,00    5,91    0,00    0,00    2,46    0,00    0,00    0,00   87,19
		kl. 00.17 +0200  all    1,05    0,00    6,28    0,00    0,00    2,09    0,00    0,00    0,00   90,58
		kl. 00.17 +0200  all    0,54    0,00    5,43    0,00    0,00    8,15    0,00    0,00    0,00   85,87
		kl. 00.17 +0200  all    0,55    0,00    7,65    0,00    0,00    6,01    0,00    0,00    0,00   85,79
		kl. 00.17 +0200  all    0,00    0,00    6,59    0,55    0,00    6,59    0,00    0,00    0,00   86,26
		kl. 00.17 +0200  all    1,09    0,00    7,10    0,00    0,00    5,46    0,00    0,00    0,00   86,34
		kl. 00.17 +0200  all    1,02    0,00    1,52    0,51    0,00    4,57    0,00    0,00    0,00   92,39

	rtt:	
		0.729395
		pong
		1,0.000181
		2,0.000105
		4,0.000112
		8,0.000109
		16,0.000109
		32,0.000129
		64,0.000128
		128,0.000109
		256,0.000104
		512,0.000123
		1024,0.000133
		2048,0.000174
		4096,0.000230
		8192,0.000328
		16384,0.000439
		32768,0.001364
		65536,0.002108
		131072,0.004170
		262144,0.006924
		524288,0.010031
		1048576,0.018330
		2097152,0.036130
		4194304,0.072107
		8388608,0.143647
		16777216,0.287013
		33554432,0.573586
		67108864,1.147084
		134217728,2.294042
		268435456,4.595003
		536870912,9.174112
Result 5:
	server:
		kl. 00.20 +0200  all    0,00    0,00    0,00    0,00    0,00    0,00    0,00    0,00    0,00  100,00
		kl. 00.20 +0200  all    1,99    0,00   20,40    0,00    0,00    0,00    0,00    0,00    0,00   77,61
		kl. 00.20 +0200  all    1,52    0,00   12,12    0,00    0,00    0,00    0,00    0,00    0,00   86,36

		kl. 00.20 +0200  CPU    %usr   %nice    %sys %iowait    %irq   %soft  %steal  %guest  %gnice   %idle
		kl. 00.20 +0200  all    0,51    0,00    2,56    0,00    0,00    6,15    0,00    0,00    0,00   90,77
		kl. 00.20 +0200  all    0,00    0,00    7,00    0,50    0,00    8,50    0,00    0,00    0,00   84,00
		kl. 00.20 +0200  all    0,00    0,00    5,26    0,00    0,00    3,68    0,00    0,00    0,00   91,05
		kl. 00.20 +0200  all    0,55    0,00    3,83    0,00    0,00    4,37    0,00    0,00    0,00   91,26
		kl. 00.20 +0200  all    0,00    0,00    3,65    0,00    0,00    1,56    0,00    0,00    0,00   94,79
		kl. 00.20 +0200  all    0,53    0,00    6,88    0,00    0,00    6,88    0,00    0,00    0,00   85,71
		kl. 00.20 +0200  all    0,00    0,00    6,59    1,10    0,00    4,40    0,00    0,00    0,00   87,91
		kl. 00.20 +0200  all    0,00    0,00    1,62    0,54    0,00    1,08    0,00    0,00    0,00   96,76
		kl. 00.20 +0200  all    0,00    0,00    3,57    0,00    0,00    2,55    0,00    0,00    0,00   93,88
		kl. 00.20 +0200  all    0,00    0,00    5,24    0,00    0,00    4,19    0,00    0,00    0,00   90,58
		kl. 00.20 +0200  all    0,00    0,00    6,52    0,00    0,00    5,43    0,00    0,00    0,00   88,04
		kl. 00.20 +0200  all    0,55    0,00    4,95    0,00    0,00    5,49    0,00    0,00    0,00   89,01
		kl. 00.20 +0200  all    0,00    0,00    6,04    0,00    0,00    4,95    0,00    0,00    0,00   89,01
		kl. 00.20 +0200  all    1,04    0,00    7,25    0,00    0,00    8,81    0,00    0,00    0,00   82,90
		kl. 00.20 +0200  all    0,00    0,00    4,15    0,00    0,00    1,55    0,00    0,00    0,00   94,30
		kl. 00.20 +0200  all    0,00    0,00    3,65    0,00    0,00    1,56    0,00    0,00    0,00   94,79
		kl. 00.20 +0200  all    0,00    0,00    3,59    0,00    0,00    2,05    0,00    0,00    0,00   94,36
		kl. 00.20 +0200  all    0,00    0,00    3,09    0,52    0,00    2,06    0,00    0,00    0,00   94,33
		kl. 00.20 +0200  all    0,00    0,00    5,08    0,00    0,00    1,02    0,00    0,00    0,00   93,91
		kl. 00.20 +0200  all    0,00    0,00    0,00    1,01    0,00    0,00    0,00    0,00    0,00   98,99
		kl. 00.20 +0200  all    0,00    0,00    0,00    0,00    0,00    0,00    0,00    0,00    0,00  100,00

	client:
		kl. 00.20 +0200  all    0,51    0,00    0,00    0,00    0,00    0,00    0,00    0,00    0,00   99,49
		kl. 00.20 +0200  all    9,95    0,00    9,45    0,00    0,00    0,00    0,00    0,00    0,00   80,60
		kl. 00.20 +0200  all    3,57    0,00   25,00    0,51    0,00    0,00    0,00    0,00    0,00   70,92
		kl. 00.20 +0200  all    0,00    0,00    0,00    0,00    0,00    0,00    0,00    0,00    0,00  100,00
		kl. 00.20 +0200  all    0,54    0,00    2,70    0,00    0,00    2,16    0,00    0,00    0,00   94,59
		kl. 00.20 +0200  all    0,53    0,00    4,26    0,00    0,00    3,72    0,00    0,00    0,00   91,49
		kl. 00.20 +0200  all    0,00    0,00    4,95    1,10    0,00    3,85    0,00    0,00    0,00   90,11
		kl. 00.20 +0200  all    0,00    0,00    4,32    0,00    0,00    1,62    0,00    0,00    0,00   94,05
		kl. 00.20 +0200  all    1,60    0,00    5,85    0,53    0,00    6,38    0,00    0,00    0,00   85,64
		kl. 00.20 +0200  all    0,53    0,00    3,68    0,00    0,00    1,58    0,00    0,00    0,00   94,21
		kl. 00.20 +0200  all    0,52    0,00    4,12    0,00    0,00    3,09    0,00    0,00    0,00   92,27
		kl. 00.20 +0200  all    1,08    0,00    6,49    0,00    0,00    4,86    0,00    0,00    0,00   87,57
		kl. 00.20 +0200  all    4,12    0,00    9,79    1,03    0,00    4,12    0,00    0,00    0,00   80,93
		kl. 00.20 +0200  all    2,58    0,00    7,22    0,00    0,00    2,58    0,00    0,00    0,00   87,63
		kl. 00.20 +0200  all    3,00    0,00    4,00    0,00    0,00    3,50    0,00    0,00    0,00   89,50
		kl. 00.20 +0200  all    0,00    0,00    2,66    0,00    0,00    2,13    0,00    0,00    0,00   95,21

		kl. 00.20 +0200  CPU    %usr   %nice    %sys %iowait    %irq   %soft  %steal  %guest  %gnice   %idle
		kl. 00.20 +0200  all    1,01    0,00    6,53    0,00    0,00    2,51    0,00    0,00    0,00   89,95
		kl. 00.20 +0200  all    1,04    0,00    4,17    0,00    0,00    2,60    0,00    0,00    0,00   92,19
		kl. 00.20 +0200  all    0,00    0,00    8,65    0,00    0,00    5,41    0,00    0,00    0,00   85,95
		kl. 00.20 +0200  all    0,00    0,00    6,74    0,00    0,00    5,06    0,00    0,00    0,00   88,20
		kl. 00.20 +0200  all    0,55    0,00    6,63    0,00    0,00    4,97    0,00    0,00    0,00   87,85
		kl. 00.20 +0200  all    0,56    0,00    6,18    0,00    0,00    3,93    0,00    0,00    0,00   89,33
		kl. 00.20 +0200  all    1,60    0,00    2,66    0,53    0,00    3,72    0,00    0,00    0,00   91,49
		kl. 00.20 +0200  all    2,94    0,00    3,92    0,98    0,00    0,00    0,00    0,00    0,00   92,16
		kl. 00.20 +0200  all    4,74    0,00    2,84    0,00    0,00    0,00    0,00    0,00    0,00   92,42
		kl. 00.21 +0200  all    4,69    0,00    3,76    0,00    0,00    0,00    0,00    0,00    0,00   91,55
		kl. 00.21 +0200  all    4,23    0,00    3,76    0,00    0,00    0,47    0,00    0,00    0,00   91,55
		kl. 00.21 +0200  all    4,31    0,00    2,39    0,00    0,00    0,00    0,00    0,00    0,00   93,30
		kl. 00.21 +0200  all    3,38    0,00    2,42    0,00    0,00    0,00    0,00    0,00    0,00   94,20
		kl. 00.21 +0200  all    2,94    0,00    1,47    0,98    0,00    0,00    0,00    0,00    0,00   94,61
	rtt:
		0.726079
		pong
		1,0.000137
		2,0.000102
		4,0.000103
		8,0.000103
		16,0.000108
		32,0.000098
		64,0.000103
		128,0.000105
		256,0.000100
		512,0.000138
		1024,0.000151
		2048,0.000180
		4096,0.000247
		8192,0.000300
		16384,0.000490
		32768,0.001136
		65536,0.001862
		131072,0.003533
		262144,0.005446
		524288,0.009409
		1048576,0.018185
		2097152,0.036243
		4194304,0.072220
		8388608,0.143625
		16777216,0.287032
		33554432,0.573545
		67108864,1.146935
		134217728,2.294419
		268435456,4.588339
		536870912,9.173356

 
Result 6:
	server:
		kl. 00.23 +0200  all    0,00    0,00    0,00    0,00    0,00    0,00    0,00    0,00    0,00  100,00
		kl. 00.23 +0200  all    1,00    0,00    0,50    0,00    0,00    0,00    0,00    0,00    0,00   98,51
		kl. 00.23 +0200  all    3,52    0,00   25,63    0,00    0,00    0,00    0,00    0,00    0,00   70,85
		kl. 00.23 +0200  all    0,50    0,00    7,00    0,00    0,00    0,00    0,00    0,00    0,00   92,50

		kl. 00.23 +0200  CPU    %usr   %nice    %sys %iowait    %irq   %soft  %steal  %guest  %gnice   %idle
		kl. 00.23 +0200  all    0,00    0,00    4,74    0,00    0,00    3,16    0,00    0,00    0,00   92,11
		kl. 00.23 +0200  all    0,00    0,00    4,23    0,00    0,00    5,29    0,00    0,00    0,00   90,48
		kl. 00.23 +0200  all    0,00    0,00    6,25    1,56    0,00    4,17    0,00    0,00    0,00   88,02
		kl. 00.23 +0200  all    0,53    0,00    4,28    0,00    0,00    3,21    0,00    0,00    0,00   91,98
		kl. 00.23 +0200  all    0,00    0,00    4,19    0,00    0,00    2,62    0,00    0,00    0,00   93,19
		kl. 00.23 +0200  all    0,55    0,00    6,56    0,00    0,00    4,37    0,00    0,00    0,00   88,52
		kl. 00.23 +0200  all    0,00    0,00    5,98    0,00    0,00    5,43    0,00    0,00    0,00   88,59
		kl. 00.23 +0200  all    0,00    0,00    3,66    0,00    0,00    1,57    0,00    0,00    0,00   94,76
		kl. 00.23 +0200  all    0,00    0,00    3,12    0,52    0,00    1,04    0,00    0,00    0,00   95,31
		kl. 00.23 +0200  all    0,54    0,00    4,30    0,00    0,00    4,30    0,00    0,00    0,00   90,86
		kl. 00.23 +0200  all    0,00    0,00    7,57    0,00    0,00    5,41    0,00    0,00    0,00   87,03
		kl. 00.23 +0200  all    1,10    0,00    5,49    0,00    0,00    5,49    0,00    0,00    0,00   87,91
		kl. 00.23 +0200  all    0,54    0,00    5,41    0,00    0,00    6,49    0,00    0,00    0,00   87,57
		kl. 00.23 +0200  all    0,00    0,00    6,99    0,00    0,00    5,38    0,00    0,00    0,00   87,63
		kl. 00.23 +0200  all    0,00    0,00    2,63    0,00    0,00    1,05    0,00    0,00    0,00   96,32
		kl. 00.23 +0200  all    0,00    0,00    2,59    0,52    0,00    2,59    0,00    0,00    0,00   94,30
		kl. 00.23 +0200  all    0,00    0,00    3,11    1,04    0,00    2,59    0,00    0,00    0,00   93,26
		kl. 00.23 +0200  all    0,00    0,00    4,55    0,00    0,00    3,03    0,00    0,00    0,00   92,42
		kl. 00.23 +0200  all    0,00    0,00    4,08    0,51    0,00    0,51    0,00    0,00    0,00   94,90
		kl. 00.24 +0200  all    0,50    0,00    0,00    0,00    0,00    0,00    0,00    0,00    0,00   99,50
		kl. 00.24 +0200  all    0,00    0,00    0,00    0,00    0,00    0,00    0,00    0,00    0,00  100,00
	client:

		kl. 00.23 +0200  all    3,92    0,00    0,49    0,00    0,00    0,00    0,00    0,00    0,00   95,59
		kl. 00.23 +0200  all    8,96    0,00   18,41    1,00    0,00    0,00    0,00    0,00    0,00   71,64
		kl. 00.23 +0200  all    5,77    0,00   20,67    0,00    0,00    0,00    0,00    0,00    0,00   73,56
		kl. 00.23 +0200  all    3,83    0,00    3,35    0,00    0,00    0,00    0,00    0,00    0,00   92,82
		kl. 00.23 +0200  all    1,99    0,00    5,47    0,00    0,00    4,98    0,00    0,00    0,00   87,56
		kl. 00.23 +0200  all    0,00    0,00    3,28    0,00    0,00    3,28    0,00    0,00    0,00   93,44
		kl. 00.23 +0200  all    1,06    0,00    5,29    0,00    0,00    3,70    0,00    0,00    0,00   89,95
		kl. 00.23 +0200  all    1,05    0,00    6,32    1,05    0,00    3,16    0,00    0,00    0,00   88,42
		kl. 00.23 +0200  all    0,55    0,00    4,42    0,00    0,00    3,87    0,00    0,00    0,00   91,16
		kl. 00.23 +0200  all    0,52    0,00    6,19    0,00    0,00    1,55    0,00    0,00    0,00   91,75
		kl. 00.23 +0200  all    0,53    0,00    2,14    0,00    0,00    1,60    0,00    0,00    0,00   95,72
		kl. 00.23 +0200  all    0,00    0,00    7,61    0,54    0,00    5,98    0,00    0,00    0,00   85,87
		kl. 00.23 +0200  all    0,54    0,00    8,15    0,00    0,00    5,43    0,00    0,00    0,00   85,87
		kl. 00.23 +0200  all    0,53    0,00    4,23    0,00    0,00    4,23    0,00    0,00    0,00   91,01
		kl. 00.23 +0200  all    1,06    0,00    2,13    0,00    0,00    2,13    0,00    0,00    0,00   94,68

		kl. 00.23 +0200  CPU    %usr   %nice    %sys %iowait    %irq   %soft  %steal  %guest  %gnice   %idle
		kl. 00.23 +0200  all    5,53    0,00    3,02    0,00    0,00    2,51    0,00    0,00    0,00   88,94
		kl. 00.23 +0200  all    4,93    0,00    5,42    0,00    0,00    1,48    0,00    0,00    0,00   88,18
		kl. 00.23 +0200  all    2,50    0,00    7,50    0,00    0,00    1,50    0,00    0,00    0,00   88,50
		kl. 00.23 +0200  all    1,67    0,00    6,11    0,00    0,00    4,44    0,00    0,00    0,00   87,78
		kl. 00.23 +0200  all    1,09    0,00    6,56    0,00    0,00    6,56    0,00    0,00    0,00   85,79
		kl. 00.23 +0200  all    1,64    0,00    7,10    0,00    0,00    4,92    0,00    0,00    0,00   86,34
		kl. 00.23 +0200  all    0,55    0,00    7,18    1,10    0,00    4,97    0,00    0,00    0,00   86,19
		kl. 00.23 +0200  all    1,55    0,00    4,15    0,00    0,00    2,59    0,00    0,00    0,00   91,71
		kl. 00.24 +0200  all    0,51    0,00    3,06    0,00    0,00    0,00    0,00    0,00    0,00   96,43

	rtt: 
		0.729660
		pong
		1,0.000183
		2,0.000110
		4,0.000112
		8,0.000111
		16,0.000100
		32,0.000113
		64,0.000110
		128,0.000120
		256,0.000132
		512,0.000149
		1024,0.000147
		2048,0.000197
		4096,0.000228
		8192,0.000334
		16384,0.000435
		32768,0.001059
		65536,0.001853
		131072,0.003709
		262144,0.005672
		524288,0.009576
		1048576,0.018287
		2097152,0.036101
		4194304,0.072113
		8388608,0.143613
		16777216,0.287000
		33554432,0.573701
		67108864,1.146922
		134217728,2.294545
		268435456,4.588867
		536870912,9.173982

Result 7:
	server:
		kl. 00.25 +0200  all    0,00    0,00    0,50    0,00    0,00    0,00    0,00    0,00    0,00   99,50
		kl. 00.26 +0200  all    3,00    0,00   24,50    0,00    0,00    0,00    0,00    0,00    0,00   72,50
		kl. 00.26 +0200  all    0,50    0,00    9,05    0,00    0,00    0,00    0,00    0,00    0,00   90,45
		kl. 00.26 +0200  all    0,00    0,00    1,10    0,55    0,00    1,66    0,00    0,00    0,00   96,69

		kl. 00.26 +0200  CPU    %usr   %nice    %sys %iowait    %irq   %soft  %steal  %guest  %gnice   %idle
		kl. 00.26 +0200  all    0,54    0,00    3,23    0,00    0,00    4,84    0,00    0,00    0,00   91,40
		kl. 00.26 +0200  all    0,00    0,00    2,19    0,55    0,00    3,83    0,00    0,00    0,00   93,44
		kl. 00.26 +0200  all    0,52    0,00    6,81    0,00    0,00    4,19    0,00    0,00    0,00   88,48
		kl. 00.26 +0200  all    0,52    0,00    4,15    0,00    0,00    3,11    0,00    0,00    0,00   92,23
		kl. 00.26 +0200  all    0,00    0,00    6,45    0,00    0,00    6,45    0,00    0,00    0,00   87,10
		kl. 00.26 +0200  all    0,57    0,00    2,86    0,57    0,00    3,43    0,00    0,00    0,00   92,57
		kl. 00.26 +0200  all    0,00    0,00    7,84    0,00    0,00    2,94    0,00    0,00    0,00   89,22
		kl. 00.26 +0200  all    0,51    0,00    3,57    0,00    0,00    3,06    0,00    0,00    0,00   92,86
		kl. 00.26 +0200  all    0,51    0,00    6,67    0,00    0,00    6,15    0,00    0,00    0,00   86,67
		kl. 00.26 +0200  all    1,10    0,00    6,59    0,00    0,00    3,85    0,00    0,00    0,00   88,46
		kl. 00.26 +0200  all    0,00    0,00    5,52    0,00    0,00    4,97    0,00    0,00    0,00   89,50
		kl. 00.26 +0200  all    0,54    0,00    5,91    0,00    0,00    6,45    0,00    0,00    0,00   87,10
		kl. 00.26 +0200  all    0,00    0,00    5,41    0,00    0,00    6,49    0,00    0,00    0,00   88,11
		kl. 00.26 +0200  all    0,52    0,00    3,12    0,52    0,00    1,04    0,00    0,00    0,00   94,79
		kl. 00.26 +0200  all    0,00    0,00    4,06    1,02    0,00    3,05    0,00    0,00    0,00   91,88
		kl. 00.26 +0200  all    0,00    0,00    3,61    0,00    0,00    2,06    0,00    0,00    0,00   94,33
		kl. 00.26 +0200  all    0,00    0,00    4,10    0,00    0,00    2,05    0,00    0,00    0,00   93,85
		kl. 00.26 +0200  all    0,00    0,00    4,62    0,00    0,00    0,51    0,00    0,00    0,00   94,87
		kl. 00.26 +0200  all    0,00    0,00    0,00    0,00    0,00    0,00    0,00    0,00    0,00  100,00

	client:
		kl. 00.25 +0200  CPU    %usr   %nice    %sys %iowait    %irq   %soft  %steal  %guest  %gnice   %idle
		kl. 00.25 +0200  all    1,02    0,00    0,51    0,00    0,00    0,00    0,00    0,00    0,00   98,47
		kl. 00.25 +0200  all    7,46    0,00   11,94    0,00    0,00    0,00    0,00    0,00    0,00   80,60
		kl. 00.26 +0200  all    7,18    0,00   26,32    0,00    0,00    0,48    0,00    0,00    0,00   66,03
		kl. 00.26 +0200  all    4,35    0,00    1,45    0,48    0,00    0,00    0,00    0,00    0,00   93,72
		kl. 00.26 +0200  all    3,09    0,00    4,64    0,00    0,00    1,03    0,00    0,00    0,00   91,24
		kl. 00.26 +0200  all    0,00    0,00    5,21    0,52    0,00    4,17    0,00    0,00    0,00   90,10
		kl. 00.26 +0200  all    1,05    0,00    7,33    0,52    0,00    4,19    0,00    0,00    0,00   86,91
		kl. 00.26 +0200  all    1,04    0,00    5,18    0,00    0,00    4,15    0,00    0,00    0,00   89,64
		kl. 00.26 +0200  all    0,57    0,00    5,68    0,00    0,00    2,84    0,00    0,00    0,00   90,91
		kl. 00.26 +0200  all    0,00    0,00    4,71    0,00    0,00    1,57    0,00    0,00    0,00   93,72
		kl. 00.26 +0200  all    0,52    0,00    4,64    0,00    0,00    2,58    0,00    0,00    0,00   92,27
		kl. 00.26 +0200  all    4,66    0,00    7,25    0,00    0,00    4,15    0,00    0,00    0,00   83,94
		kl. 00.26 +0200  all    7,81    0,00    7,29    0,00    0,00    2,08    0,00    0,00    0,00   82,81
		kl. 00.26 +0200  all    5,03    0,00    6,03    0,50    0,00    3,52    0,00    0,00    0,00   84,92
		kl. 00.26 +0200  all    4,46    0,00    5,94    0,99    0,00    1,98    0,00    0,00    0,00   86,63
		kl. 00.26 +0200  all    0,53    0,00    3,17    0,00    0,00    2,12    0,00    0,00    0,00   94,18

		kl. 00.26 +0200  CPU    %usr   %nice    %sys %iowait    %irq   %soft  %steal  %guest  %gnice   %idle
		kl. 00.26 +0200  all    0,53    0,00    3,19    0,00    0,00    1,06    0,00    0,00    0,00   95,21
		kl. 00.26 +0200  all    0,53    0,00    3,68    0,00    0,00    2,11    0,00    0,00    0,00   93,68
		kl. 00.26 +0200  all    0,55    0,00    7,69    0,00    0,00    3,85    0,00    0,00    0,00   87,91
		kl. 00.26 +0200  all    1,12    0,00    5,06    0,00    0,00    4,49    0,00    0,00    0,00   89,33
		kl. 00.26 +0200  all    0,57    0,00    5,11    1,14    0,00    4,55    0,00    0,00    0,00   88,64
		kl. 00.26 +0200  all    0,54    0,00    5,98    0,00    0,00    7,61    0,00    0,00    0,00   85,87
		kl. 00.26 +0200  all    0,00    0,00    4,86    0,00    0,00    2,16    0,00    0,00    0,00   92,97
		kl. 00.26 +0200  all    0,00    0,00    2,56    0,00    0,00    0,00    0,00    0,00    0,00   97,44
		kl. 00.26 +0200  all    1,02    0,00    0,00    0,00    0,00    0,00    0,00    0,00    0,00   98,98

	rtt: 
		0.728230
		pong
		1,0.000171
		2,0.000107
		4,0.000113
		8,0.000113
		16,0.000103
		32,0.000117
		64,0.000121
		128,0.000113
		256,0.000117
		512,0.000113
		1024,0.000152
		2048,0.000226
		4096,0.000236
		8192,0.000332
		16384,0.000433
		32768,0.001069
		65536,0.001623
		131072,0.003614
		262144,0.005921
		524288,0.009553
		1048576,0.018325
		2097152,0.036163
		4194304,0.072031
		8388608,0.143681
		16777216,0.286887
		33554432,0.573596
		67108864,1.146985
		134217728,2.294590
		268435456,4.588420
		536870912,9.173373

