Results 1: 
	
	Server: 
		kl. 20.00 +0200  all    0,00    0,00    0,00    0,00    0,00    0,00    0,00    0,00    0,00  100,00
		kl. 20.00 +0200  all    3,08    0,00    0,51   14,36    0,00    0,00    0,00    0,00    0,00   82,05
		kl. 20.00 +0200  all    9,18    0,00   32,65    9,69    0,00    0,00    0,00    0,00    0,00   48,47
		kl. 20.00 +0200  all    0,51    0,00    2,56    0,00    0,00    0,00    0,00    0,00    0,00   96,92
		kl. 20.00 +0200  all    0,00    0,00    5,67    5,15    0,00    0,00    0,00    0,00    0,00   89,18
		kl. 20.00 +0200  all    1,52    0,00   24,24    0,00    0,00    0,00    0,00    0,00    0,00   74,24
		kl. 20.00 +0200  all    0,51    0,00   24,37    0,00    0,00    0,00    0,00    0,00    0,00   75,13

	Client:
		kl. 20.00 +0200  all    0,00    0,00    0,00    0,00    0,00    0,00    0,00    0,00    0,00  100,00
		kl. 20.00 +0200  all    4,48    0,00   32,84    0,50    0,00    0,00    0,00    0,00    0,00   62,19
		kl. 20.00 +0200  all    0,00    0,00    3,52    0,00    0,00    0,00    0,00    0,00    0,00   96,48
		kl. 20.00 +0200  all    0,00    0,00   29,00    0,00    0,00    0,00    0,00    0,00    0,00   71,00
		kl. 20.00 +0200  all    0,00    0,00   31,82    0,51    0,00    0,00    0,00    0,00    0,00   67,68
		kl. 20.00 +0200  all    0,00    0,00    2,00    1,50    0,00    0,00    0,00    0,00    0,00   96,50

		
	RTT: 
		0.731363
		pong
		1,0.000073
		2,0.000042
		4,0.000038
		8,0.000033
		16,0.000024
		32,0.000024
		64,0.000024
		128,0.000024
		256,0.000024
		512,0.000025
		1024,0.000026
		2048,0.000028
		4096,0.000032
		8192,0.000040
		16384,0.000054
		32768,0.000083
		65536,0.000144
		131072,0.000269
		262144,0.000492
		524288,0.000966
		1048576,0.001944
		2097152,0.004179
		4194304,0.008499
		8388608,0.016875
		16777216,0.034027
		33554432,0.068553
		67108864,0.137219
		134217728,0.278600
		268435456,0.573875
		536870912,1.033046

Results 2: 
	server:
		kl. 20.16 +0200  all    0,00    0,00    0,00    0,00    0,00    0,00    0,00    0,00    0,00  100,00
		kl. 20.16 +0200  all    2,01    0,00   22,61    0,00    0,00    0,00    0,00    0,00    0,00   75,38
		kl. 20.16 +0200  all    1,49    0,00   11,44    0,50    0,00    0,00    0,00    0,00    0,00   86,57
		kl. 20.16 +0200  all    0,00    0,00   20,10    0,00    0,00    0,00    0,00    0,00    0,00   79,90
		kl. 20.16 +0200  all    1,00    0,00   28,50    0,00    0,00    0,00    0,00    0,00    0,00   70,50

		kl. 20.16 +0200  CPU    %usr   %nice    %sys %iowait    %irq   %soft  %steal  %guest  %gnice   %idle
		kl. 20.16 +0200  all    0,00    0,00    7,54    2,51    0,00    0,00    0,00    0,00    0,00   89,95
		kl. 20.16 +0200  all    0,00    0,00    0,00    0,00    0,00    0,00    0,00    0,00    0,00  100,00

	client: 
		kl. 20.16 +0200  all    1,55    0,00    1,03   20,10    0,00    0,00    0,00    0,00    0,00   77,32
		kl. 20.16 +0200  all    9,05    0,00   33,17    9,55    0,00    0,50    0,00    0,00    0,00   47,74
		kl. 20.16 +0200  all    1,52    0,00    2,53    0,00    0,00    0,00    0,00    0,00    0,00   95,96
		kl. 20.16 +0200  all    1,00    0,00    7,50    0,00    0,00    0,00    0,00    0,00    0,00   91,50
		kl. 20.16 +0200  all    0,51    0,00   27,04    0,00    0,00    0,00    0,00    0,00    0,00   72,45
		kl. 20.16 +0200  all    1,03    0,00   23,59    0,00    0,00    0,00    0,00    0,00    0,00   75,38
		kl. 20.16 +0200  all    0,51    0,00    2,56   13,85    0,00    0,00    0,00    0,00    0,00   83,08

	RTT:
		0.735433
		pong
		1,0.000066
		2,0.000048
		4,0.000065
		8,0.000044
		16,0.000030
		32,0.000038
		64,0.000045
		128,0.000045
		256,0.000045
		512,0.000045
		1024,0.000045
		2048,0.000045
		4096,0.000046
		8192,0.000042
		16384,0.000055
		32768,0.000080
		65536,0.000132
		131072,0.000235
		262144,0.000441
		524288,0.000843
		1048576,0.001742
		2097152,0.003914
		4194304,0.007971
		8388608,0.015703
		16777216,0.031551
		33554432,0.063137
		67108864,0.136857
		134217728,0.258374
		268435456,0.534657
		536870912,0.976078


Results 3:
	
	server: 
		kl. 20.22 +0200  all    0,00    0,00    0,00    0,00    0,00    0,00    0,00    0,00    0,00  100,00
		kl. 20.22 +0200  all    0,00    0,00    0,50    0,00    0,00    0,00    0,00    0,00    0,00   99,50
		kl. 20.22 +0200  all    5,03    0,00   31,66    0,00    0,00    0,00    0,00    0,00    0,00   63,32
		kl. 20.22 +0200  all    0,00    0,00    7,96    0,00    0,00    0,00    0,00    0,00    0,00   92,04
		kl. 20.23 +0200  all    0,00    0,00   26,77    0,00    0,00    0,00    0,00    0,00    0,00   73,23
		kl. 20.23 +0200  all    0,00    0,00   24,38   11,44    0,00    0,50    0,00    0,00    0,00   63,68
		kl. 20.23 +0200  all    0,00    0,00    0,00    0,00    0,00    0,00    0,00    0,00    0,00  100,00

	client: 

		kl. 20.22 +0200  all    0,00    0,00    0,00    0,00    0,00    0,00    0,00    0,00    0,00  100,00
		kl. 20.22 +0200  all    6,63    0,00    1,53   33,67    0,00    0,00    0,00    0,00    0,00   58,16
		kl. 20.22 +0200  all    6,60    0,00   33,50    0,00    0,00    0,00    0,00    0,00    0,00   59,90
		kl. 20.22 +0200  all    4,35    0,00    1,45    0,00    0,00    0,00    0,00    0,00    0,00   94,20
		kl. 20.22 +0200  all    3,83    0,00   16,75    0,00    0,00    0,00    0,00    0,00    0,00   79,43
		kl. 20.23 +0200  all    1,03    0,00   21,54    0,00    0,00    0,00    0,00    0,00    0,00   77,44
		kl. 20.23 +0200  all    1,51    0,00   17,09    0,00    0,00    0,00    0,00    0,00    0,00   81,41
		kl. 20.23 +0200  all    1,52    0,00    3,05   22,84    0,00    0,00    0,00    0,00    0,00   72,59

	RTT:
		0.733022
		pong
		1,0.000081
		2,0.000058
		4,0.000069
		8,0.000031
		16,0.000036
		32,0.000034
		64,0.000034
		128,0.000039
		256,0.000034
		512,0.000034
		1024,0.000035
		2048,0.000035
		4096,0.000039
		8192,0.000046
		16384,0.000054
		32768,0.000081
		65536,0.000135
		131072,0.000242
		262144,0.000441
		524288,0.000860
		1048576,0.001744
		2097152,0.003908
		4194304,0.007990
		8388608,0.015801
		16777216,0.031784
		33554432,0.063287
		67108864,0.128891
		134217728,0.254772
		268435456,0.548869
		536870912,0.976260

Results 4:
	
	server: 
		kl. 20.27 +0200  all    0,00    0,00    0,00    0,00    0,00    0,00    0,00    0,00    0,00  100,00
		kl. 20.27 +0200  all    5,03    0,00   32,16    0,00    0,00    0,00    0,00    0,00    0,00   62,81
		kl. 20.27 +0200  all    0,00    0,00    6,50    0,00    0,00    0,00    0,00    0,00    0,00   93,50
		kl. 20.27 +0200  all    1,00    0,00   24,88    0,50    0,00    0,50    0,00    0,00    0,00   73,13
		kl. 20.27 +0200  all    0,00    0,00   24,75    1,52    0,00    0,00    0,00    0,00    0,00   73,74
		kl. 20.27 +0200  all    0,00    0,00    0,00    0,50    0,00    0,00    0,00    0,00    0,00   99,50
		kl. 20.27 +0200  all    0,00    0,00    0,00    0,00    0,00    0,00    0,00    0,00    0,00  100,00


	client: 
		kl. 20.27 +0200  all    0,00    0,00    0,00    0,00    0,00    0,00    0,00    0,00    0,00  100,00
		kl. 20.27 +0200  all    2,02    0,00    1,52   10,61    0,00    0,00    0,00    0,00    0,00   85,86
		kl. 20.27 +0200  all    9,60    0,00   27,78   10,61    0,00    0,51    0,00    0,00    0,00   51,52

		kl. 20.27 +0200  CPU    %usr   %nice    %sys %iowait    %irq   %soft  %steal  %guest  %gnice   %idle
		kl. 20.27 +0200  all    5,29    0,00    9,13    0,00    0,00    0,00    0,00    0,00    0,00   85,58
		kl. 20.27 +0200  all    4,33    0,00    5,29    0,00    0,00    0,00    0,00    0,00    0,00   90,38
		kl. 20.27 +0200  all    3,50    0,00   26,50    0,00    0,00    0,00    0,00    0,00    0,00   70,00
		kl. 20.27 +0200  all    1,01    0,00   25,13    0,00    0,00    0,00    0,00    0,00    0,00   73,87
		kl. 20.27 +0200  all    1,50    0,00    3,50    5,50    0,00    0,00    0,00    0,00    0,00   89,50
		kl. 20.27 +0200  all    1,52    0,00    0,00    8,08    0,00    0,00    0,00    0,00    0,00   90,40
		kl. 20.27 +0200  all    1,98    0,00    1,49    0,00    0,00    0,00    0,00    0,00    0,00   96,53
		kl. 20.28 +0200  all    0,00    0,00    0,00    0,00    0,00    0,00    0,00    0,00    0,00  100,00	

	RTT:
		0.732331
		pong
		1,0.000076
		2,0.000050
		4,0.000069
		8,0.000041
		16,0.000032
		32,0.000032
		64,0.000041
		128,0.000040
		256,0.000040
		512,0.000032
		1024,0.000031
		2048,0.000041
		4096,0.000035
		8192,0.000046
		16384,0.000056
		32768,0.000080
		65536,0.000134
		131072,0.000239
		262144,0.000440
		524288,0.001078
		1048576,0.001729
		2097152,0.003858
		4194304,0.007848
		8388608,0.015338
		16777216,0.030996
		33554432,0.061950
		67108864,0.123806
		134217728,0.247666
		268435456,0.530339
		536870912,0.959834
	
Results 5:

	server: 
		kl. 20.32 +0200  all    0,00    0,00    0,00    0,00    0,00    0,00    0,00    0,00    0,00  100,00
		kl. 20.32 +0200  all    3,00    0,00   30,50    0,00    0,00    0,00    0,00    0,00    0,00   66,50

		kl. 20.32 +0200  CPU    %usr   %nice    %sys %iowait    %irq   %soft  %steal  %guest  %gnice   %idle
		kl. 20.32 +0200  all    1,01    0,00    2,51    0,00    0,00    0,00    0,00    0,00    0,00   96,48
		kl. 20.32 +0200  all    0,00    0,00   27,00    0,00    0,00    0,00    0,00    0,00    0,00   73,00
		kl. 20.32 +0200  all    0,00    0,00   29,65    2,01    0,00    0,00    0,00    0,00    0,00   68,34
		kl. 20.32 +0200  all    0,00    0,00    0,00    0,00    0,00    0,00    0,00    0,00    0,00  100,00

	client:
		kl. 20.32 +0200  all    0,51    0,00    0,51    0,00    0,00    0,00    0,00    0,00    0,00   98,98
		kl. 20.32 +0200  all    1,02    0,00    0,51    0,00    0,00    0,00    0,00    0,00    0,00   98,48

		kl. 20.32 +0200  CPU    %usr   %nice    %sys %iowait    %irq   %soft  %steal  %guest  %gnice   %idle
		kl. 20.32 +0200  all    1,52    0,00    0,51    0,00    0,00    0,00    0,00    0,00    0,00   97,98
		kl. 20.32 +0200  all    9,00    0,00    8,50   26,00    0,00    0,00    0,00    0,00    0,00   56,50
		kl. 20.32 +0200  all    3,57    0,00   29,08    0,00    0,00    0,00    0,00    0,00    0,00   67,35
		kl. 20.32 +0200  all    1,02    0,00    0,00    0,00    0,00    0,00    0,00    0,00    0,00   98,98
		kl. 20.32 +0200  all    0,51    0,00   18,69    0,00    0,00    0,00    0,00    0,00    0,00   80,81
		kl. 20.32 +0200  all    1,02    0,00   23,47    0,00    0,00    0,00    0,00    0,00    0,00   75,51
		kl. 20.32 +0200  all    0,00    0,00   13,33    1,03    0,00    0,00    0,00    0,00    0,00   85,64
		kl. 20.32 +0200  all    0,00    0,00    3,08   21,03    0,00    0,00    0,00    0,00    0,00   75,90
		kl. 20.32 +0200  all    0,00    0,00    0,00    0,00    0,00    0,00    0,00    0,00    0,00  100,00


	RTT:
		0.731288
		pong
		1,0.000077
		2,0.000054
		4,0.000039
		8,0.000038
		16,0.000027
		32,0.000037
		64,0.000031
		128,0.000037
		256,0.000043
		512,0.000034
		1024,0.000034
		2048,0.000034
		4096,0.000037
		8192,0.000042
		16384,0.000055
		32768,0.000080
		65536,0.000133
		131072,0.000234
		262144,0.000436
		524288,0.000838
		1048576,0.001737
		2097152,0.003865
		4194304,0.007803
		8388608,0.015450
		16777216,0.031118
		33554432,0.063071
		67108864,0.124488
		134217728,0.249893
		268435456,0.529457
		536870912,0.972220


Result 6: 
	
	server: 
		kl. 20.36 +0200  all    0,00    0,00    0,00    0,00    0,00    0,00    0,00    0,00    0,00  100,00
		kl. 20.36 +0200  all    0,00    0,00    0,00    0,50    0,00    0,00    0,00    0,00    0,00   99,50
		kl. 20.36 +0200  all    4,04    0,00   32,83    0,00    0,00    0,00    0,00    0,00    0,00   63,13
		kl. 20.36 +0200  all    0,00    0,00    5,53    0,00    0,00    0,00    0,00    0,00    0,00   94,47
		kl. 20.36 +0200  all    1,01    0,00   25,13    0,00    0,00    0,00    0,00    0,00    0,00   73,87
		kl. 20.36 +0200  all    0,00    0,00   26,50    2,00    0,00    0,50    0,00    0,00    0,00   71,00
		kl. 20.36 +0200  all    0,00    0,00    0,00    0,00    0,00    0,00    0,00    0,00    0,00  100,00

	client: 
		kl. 20.36 +0200  all    3,41    0,00    1,46    0,49    0,00    0,00    0,00    0,00    0,00   94,63
		kl. 20.36 +0200  all   10,10    0,00   15,15   20,20    0,00    0,00    0,00    0,00    0,00   54,55
		kl. 20.36 +0200  all    3,06    0,00   21,43    0,51    0,00    0,00    0,00    0,00    0,00   75,00
		kl. 20.36 +0200  all    0,00    0,00    0,00    0,00    0,00    0,00    0,00    0,00    0,00  100,00
		kl. 20.36 +0200  all    5,31    0,00   20,29    0,48    0,00    0,00    0,00    0,00    0,00   73,91
		kl. 20.36 +0200  all    1,52    0,00   26,26    0,00    0,00    0,51    0,00    0,00    0,00   71,72
		kl. 20.36 +0200  all    0,51    0,00    9,14    0,51    0,00    0,00    0,00    0,00    0,00   89,85
		kl. 20.36 +0200  all    1,01    0,00    3,02   22,61    0,00    0,50    0,00    0,00    0,00   72,86
		kl. 20.36 +0200  all    1,50    0,00    1,00    0,00    0,00    0,00    0,00    0,00    0,00   97,50

	RTT:

		0.734481
		pong
		1,0.000080
		2,0.000050
		4,0.000041
		8,0.000032
		16,0.000025
		32,0.000033
		64,0.000033
		128,0.000034
		256,0.000033
		512,0.000035
		1024,0.000034
		2048,0.000035
		4096,0.000039
		8192,0.000041
		16384,0.000051
		32768,0.000075
		65536,0.000124
		131072,0.000222
		262144,0.000416
		524288,0.000815
		1048576,0.001709
		2097152,0.003935
		4194304,0.007850
		8388608,0.015494
		16777216,0.031081
		33554432,0.062197
		67108864,0.126437
		134217728,0.250419
		268435456,0.533032
		536870912,0.963137

Results 7:	
	server: 	
		kl. 20.44 +0200  all    0,00    0,00    0,00    0,50    0,00    0,00    0,00    0,00    0,00   99,50
		kl. 20.44 +0200  all    2,01    0,00   14,07    0,00    0,00    0,00    0,00    0,00    0,00   83,92
		kl. 20.44 +0200  all    2,00    0,00   19,00    0,00    0,00    0,00    0,00    0,00    0,00   79,00
		kl. 20.44 +0200  all    0,00    0,00   17,41    0,00    0,00    0,00    0,00    0,00    0,00   82,59
		kl. 20.44 +0200  all    0,00    0,00   29,15    0,00    0,00    0,00    0,00    0,00    0,00   70,85
		kl. 20.44 +0200  all    0,50    0,00    9,50    3,50    0,00    0,00    0,00    0,00    0,00   86,50

	client: 
		kl. 20.44 +0200  all    2,01    0,00    0,00    0,00    0,00    0,00    0,00    0,00    0,00   97,99

		kl. 20.44 +0200  CPU    %usr   %nice    %sys %iowait    %irq   %soft  %steal  %guest  %gnice   %idle
		kl. 20.44 +0200  all    4,48    0,00    3,48   25,87    0,00    0,50    0,00    0,00    0,00   65,67
		kl. 20.44 +0200  all    9,62    0,00   36,06    2,88    0,00    0,00    0,00    0,00    0,00   51,44
		kl. 20.44 +0200  all    3,41    0,00    1,46    0,00    0,00    0,00    0,00    0,00    0,00   95,12
		kl. 20.44 +0200  all    3,92    0,00   12,25    0,00    0,00    0,00    0,00    0,00    0,00   83,82
		kl. 20.44 +0200  all    2,03    0,00   24,87    0,00    0,00    0,00    0,00    0,00    0,00   73,10
		kl. 20.44 +0200  all    3,90    0,00   17,56    0,00    0,00    0,00    0,00    0,00    0,00   78,54
		kl. 20.44 +0200  all    5,61    0,00    6,54   22,43    0,00    0,00    0,00    0,00    0,00   65,42
	rtt:
		0.733229
		pong
		1,0.000069
		2,0.000049
		4,0.000045
		8,0.000036
		16,0.000027
		32,0.000032
		64,0.000035
		128,0.000037
		256,0.000035
		512,0.000033
		1024,0.000034
		2048,0.000035
		4096,0.000046
		8192,0.000051
		16384,0.000057
		32768,0.000081
		65536,0.000135
		131072,0.000238
		262144,0.000439
		524288,0.000845
		1048576,0.001737
		2097152,0.003851
		4194304,0.007752
		8388608,0.015207
		16777216,0.030633
		33554432,0.062215
		67108864,0.122466
		134217728,0.244751
		268435456,0.518610
		536870912,0.931612

result 8:

	server: 
		kl. 23.20 +0200  all    0,00    0,00    0,00    0,00    0,00    0,00    0,00    0,00    0,00  100,00
		kl. 23.20 +0200  all    2,01    0,00   18,09    0,00    0,00    0,00    0,00    0,00    0,00   79,90
		kl. 23.20 +0200  all    1,99    0,00   15,42    0,00    0,00    0,00    0,00    0,00    0,00   82,59
		kl. 23.20 +0200  all    0,00    0,00   17,68    0,00    0,00    0,00    0,00    0,00    0,00   82,32
		kl. 23.20 +0200  all    0,00    0,00   28,50    0,00    0,00    0,00    0,00    0,00    0,00   71,50
		kl. 23.20 +0200  all    1,01    0,00    9,05    2,01    0,00    0,00    0,00    0,00    0,00   87,94
		kl. 23.20 +0200  all    1,00    0,00    1,00    0,00    0,00    0,00    0,00    0,00    0,00   98,01

	client: 
		kl. 23.20 +0200  all    0,51    0,00    0,51    0,00    0,00    0,00    0,00    0,00    0,00   98,98
		kl. 23.20 +0200  all    7,61    0,00    5,08   28,93    0,00    0,00    0,00    0,00    0,00   58,38
		kl. 23.20 +0200  all    5,56    0,00   31,31    0,00    0,00    0,00    0,00    0,00    0,00   63,13
		kl. 23.20 +0200  all    1,51    0,00    0,50    0,00    0,00    0,00    0,00    0,00    0,00   97,99
		kl. 23.20 +0200  all    3,92    0,00   18,14    0,00    0,00    0,00    0,00    0,00    0,00   77,94
		kl. 23.20 +0200  all    1,02    0,00   21,83    0,00    0,00    0,00    0,00    0,00    0,00   77,16
		kl. 23.20 +0200  all    1,03    0,00   15,90    1,54    0,00    0,00    0,00    0,00    0,00   81,54
		kl. 23.20 +0200  all    2,04    0,00    3,57   27,55    0,00    0,00    0,00    0,00    0,00   66,84


	rtt:
		0.731233
		pong
		1,0.000067
		2,0.000048
		4,0.000032
		8,0.000035
		16,0.000030
		32,0.000033
		64,0.000030
		128,0.000029
		256,0.000030
		512,0.000031
		1024,0.000031
		2048,0.000033
		4096,0.000037
		8192,0.000044
		16384,0.000055
		32768,0.000084
		65536,0.000137
		131072,0.000246
		262144,0.000447
		524288,0.000851
		1048576,0.001771
		2097152,0.003857
		4194304,0.007820
		8388608,0.015590
		16777216,0.031034
		33554432,0.062316
		67108864,0.124690
		134217728,0.248873
		268435456,0.530222
		536870912,0.962875


	
