Result 1:
	server: 
		kl. 23.11 +0200  all  100,00    0,00    0,00    0,00    0,00    0,00    0,00    0,00    0,00    0,00
		kl. 23.11 +0200  all   79,00    0,00   21,00    0,00    0,00    0,00    0,00    0,00    0,00    0,00
		kl. 23.11 +0200  all   88,94    0,00   11,06    0,00    0,00    0,00    0,00    0,00    0,00    0,00
		kl. 23.11 +0200  all   85,57    0,00   14,43    0,00    0,00    0,00    0,00    0,00    0,00    0,00
		kl. 23.11 +0200  all   78,50    0,00   21,50    0,00    0,00    0,00    0,00    0,00    0,00    0,00
		kl. 23.11 +0200  all   79,00    0,00   21,00    0,00    0,00    0,00    0,00    0,00    0,00    0,00
		kl. 23.11 +0200  all  100,00    0,00    0,00    0,00    0,00    0,00    0,00    0,00    0,00    0,00

	client: 
		kl. 23.11 +0200  all   99,50    0,00    0,50    0,00    0,00    0,00    0,00    0,00    0,00    0,00
		kl. 23.11 +0200  all   90,50    0,00    9,50    0,00    0,00    0,00    0,00    0,00    0,00    0,00
		kl. 23.11 +0200  all   75,00    0,00   25,00    0,00    0,00    0,00    0,00    0,00    0,00    0,00
		kl. 23.11 +0200  all   98,51    0,00    1,49    0,00    0,00    0,00    0,00    0,00    0,00    0,00
		kl. 23.11 +0200  all  100,00    0,00    0,00    0,00    0,00    0,00    0,00    0,00    0,00    0,00
		kl. 23.11 +0200  all   82,50    0,00   17,50    0,00    0,00    0,00    0,00    0,00    0,00    0,00
		kl. 23.11 +0200  all   80,50    0,00   19,50    0,00    0,00    0,00    0,00    0,00    0,00    0,00
		kl. 23.11 +0200  all   79,40    0,00   20,60    0,00    0,00    0,00    0,00    0,00    0,00    0,00
		kl. 23.11 +0200  all   95,05    0,00    4,46    0,00    0,00    0,50    0,00    0,00    0,00    0,00
	rtt: 
		1.201887
		pong
		1,0.000050
		2,0.000053
		4,0.000042
		8,0.000034
		16,0.000055
		32,0.000056
		64,0.000057
		128,0.000057
		256,0.000057
		512,0.000057
		1024,0.000058
		2048,0.000060
		4096,0.000062
		8192,0.000062
		16384,0.000070
		32768,0.000092
		65536,0.000134
		131072,0.000234
		262144,0.000439
		524288,0.000843
		1048576,0.001739
		2097152,0.003832
		4194304,0.011538
		8388608,0.018676
		16777216,0.037758
		33554432,0.091888
		67108864,0.158699
		134217728,0.261624
		268435456,0.621281
		536870912,1.015716

Result 2:

	server:
		kl. 23.24 +0200  all  100,00    0,00    0,00    0,00    0,00    0,00    0,00    0,00    0,00    0,00
		kl. 23.24 +0200  all   88,44    0,00   11,56    0,00    0,00    0,00    0,00    0,00    0,00    0,00
		kl. 23.24 +0200  all   79,00    0,00   21,00    0,00    0,00    0,00    0,00    0,00    0,00    0,00
		kl. 23.24 +0200  all   94,53    0,00    5,47    0,00    0,00    0,00    0,00    0,00    0,00    0,00
		kl. 23.24 +0200  all   76,00    0,00   24,00    0,00    0,00    0,00    0,00    0,00    0,00    0,00

		kl. 23.24 +0200  CPU    %usr   %nice    %sys %iowait    %irq   %soft  %steal  %guest  %gnice   %idle
		kl. 23.24 +0200  all   74,13    0,00   25,37    0,00    0,00    0,00    0,00    0,00    0,00    0,50
		kl. 23.24 +0200  all  100,00    0,00    0,00    0,00    0,00    0,00    0,00    0,00    0,00    0,00

	client:

		kl. 23.24 +0200  all  100,00    0,00    0,00    0,00    0,00    0,00    0,00    0,00    0,00    0,00
		kl. 23.24 +0200  all   99,00    0,00    1,00    0,00    0,00    0,00    0,00    0,00    0,00    0,00
		kl. 23.24 +0200  all   79,40    0,00   20,10    0,00    0,00    0,50    0,00    0,00    0,00    0,00
		kl. 23.24 +0200  all   83,08    0,00   16,92    0,00    0,00    0,00    0,00    0,00    0,00    0,00

		kl. 23.24 +0200  CPU    %usr   %nice    %sys %iowait    %irq   %soft  %steal  %guest  %gnice   %idle
		kl. 23.24 +0200  all   98,00    0,00    2,00    0,00    0,00    0,00    0,00    0,00    0,00    0,00
		kl. 23.24 +0200  all   90,00    0,00   10,00    0,00    0,00    0,00    0,00    0,00    0,00    0,00
		kl. 23.24 +0200  all   76,88    0,00   23,12    0,00    0,00    0,00    0,00    0,00    0,00    0,00
		kl. 23.24 +0200  all   75,62    0,00   24,38    0,00    0,00    0,00    0,00    0,00    0,00    0,00
		kl. 23.24 +0200  all   95,50    0,00    4,50    0,00    0,00    0,00    0,00    0,00    0,00    0,00
		kl. 23.24 +0200  all   97,99    0,00    2,01    0,00    0,00    0,00    0,00    0,00    0,00    0,00
		kl. 23.24 +0200  all   98,50    0,00    1,50    0,00    0,00    0,00    0,00    0,00    0,00    0,00

	rtt: 
		1.132329
		pong
		1,0.000053
		2,0.000060
		4,0.000094
		8,0.000057
		16,0.000058
		32,0.000056
		64,0.000056
		128,0.000060
		256,0.000058
		512,0.000057
		1024,0.000058
		2048,0.000054
		4096,0.000057
		8192,0.000062
		16384,0.000072
		32768,0.000096
		65536,0.000134
		131072,0.000238
		262144,0.000440
		524288,0.000850
		1048576,0.001741
		2097152,0.003892
		4194304,0.014460
		8388608,0.015885
		16777216,0.041030
		33554432,0.091056
		67108864,0.161795
		134217728,0.257235
		268435456,0.549935
		536870912,0.979475

Results 3:
	server:
		kl. 23.32 +0200  all  100,00    0,00    0,00    0,00    0,00    0,00    0,00    0,00    0,00    0,00
		kl. 23.32 +0200  all   90,50    0,00    9,50    0,00    0,00    0,00    0,00    0,00    0,00    0,00
		kl. 23.32 +0200  all   78,00    0,00   22,00    0,00    0,00    0,00    0,00    0,00    0,00    0,00
		kl. 23.32 +0200  all   96,00    0,00    4,00    0,00    0,00    0,00    0,00    0,00    0,00    0,00
		kl. 23.32 +0200  all   76,00    0,00   24,00    0,00    0,00    0,00    0,00    0,00    0,00    0,00
		kl. 23.32 +0200  all   69,50    0,00   30,50    0,00    0,00    0,00    0,00    0,00    0,00    0,00
		kl. 23.32 +0200  all  100,00    0,00    0,00    0,00    0,00    0,00    0,00    0,00    0,00    0,00
	client:
		
		kl. 23.32 +0200  all  100,00    0,00    0,00    0,00    0,00    0,00    0,00    0,00    0,00    0,00
		kl. 23.32 +0200  all   95,48    0,00    4,52    0,00    0,00    0,00    0,00    0,00    0,00    0,00
		kl. 23.32 +0200  all   73,00    0,00   27,00    0,00    0,00    0,00    0,00    0,00    0,00    0,00
		kl. 23.32 +0200  all   94,53    0,00    5,47    0,00    0,00    0,00    0,00    0,00    0,00    0,00

		kl. 23.32 +0200  CPU    %usr   %nice    %sys %iowait    %irq   %soft  %steal  %guest  %gnice   %idle
		kl. 23.32 +0200  all   97,50    0,00    2,50    0,00    0,00    0,00    0,00    0,00    0,00    0,00
		kl. 23.32 +0200  all   84,50    0,00   15,50    0,00    0,00    0,00    0,00    0,00    0,00    0,00
		kl. 23.32 +0200  all   79,50    0,00   20,50    0,00    0,00    0,00    0,00    0,00    0,00    0,00
		kl. 23.32 +0200  all   83,00    0,00   17,00    0,00    0,00    0,00    0,00    0,00    0,00    0,00
		kl. 23.32 +0200  all   97,50    0,00    2,50    0,00    0,00    0,00    0,00    0,00    0,00    0,00
		kl. 23.32 +0200  all  100,00    0,00    0,00    0,00    0,00    0,00    0,00    0,00    0,00    0,00
	rtt:
		1.189378
		pong
		1,0.000053
		2,0.000082
		4,0.000064
		8,0.000057
		16,0.000059
		32,0.000057
		64,0.000058
		128,0.000035
		256,0.000055
		512,0.000061
		1024,0.000058
		2048,0.000059
		4096,0.000059
		8192,0.000063
		16384,0.000071
		32768,0.000093
		65536,0.000134
		131072,0.000232
		262144,0.000430
		524288,0.000839
		1048576,0.001749
		2097152,0.003994
		4194304,0.015722
		8388608,0.016322
		16777216,0.047584
		33554432,0.086429
		67108864,0.187873
		134217728,0.265976
		268435456,0.534978
		536870912,0.997641

Results 4: 
	server: 
		kl. 23.38 +0200  all  100,00    0,00    0,00    0,00    0,00    0,00    0,00    0,00    0,00    0,00
		kl. 23.38 +0200  all   69,31    0,00   30,20    0,00    0,00    0,50    0,00    0,00    0,00    0,00
		kl. 23.38 +0200  all   97,00    0,00    3,00    0,00    0,00    0,00    0,00    0,00    0,00    0,00
		kl. 23.38 +0200  all   76,00    0,00   23,50    0,00    0,00    0,00    0,00    0,00    0,00    0,50
		kl. 23.38 +0200  all   72,00    0,00   28,00    0,00    0,00    0,00    0,00    0,00    0,00    0,00
		kl. 23.38 +0200  all   96,00    0,00    4,00    0,00    0,00    0,00    0,00    0,00    0,00    0,00
		kl. 23.38 +0200  all  100,00    0,00    0,00    0,00    0,00    0,00    0,00    0,00    0,00    0,00
	client: 
		kl. 23.38 +0200  all   98,51    0,00    1,49    0,00    0,00    0,00    0,00    0,00    0,00    0,00
		kl. 23.38 +0200  all   78,50    0,00   21,50    0,00    0,00    0,00    0,00    0,00    0,00    0,00
		kl. 23.38 +0200  all   84,92    0,00   15,08    0,00    0,00    0,00    0,00    0,00    0,00    0,00
		kl. 23.38 +0200  all   97,00    0,00    3,00    0,00    0,00    0,00    0,00    0,00    0,00    0,00
		kl. 23.38 +0200  all   85,57    0,00   14,43    0,00    0,00    0,00    0,00    0,00    0,00    0,00
		kl. 23.38 +0200  all   74,00    0,00   26,00    0,00    0,00    0,00    0,00    0,00    0,00    0,00
		kl. 23.38 +0200  all   81,41    0,00   18,59    0,00    0,00    0,00    0,00    0,00    0,00    0,00
		kl. 23.38 +0200  all   94,03    0,00    5,97    0,00    0,00    0,00    0,00    0,00    0,00    0,00
		kl. 23.38 +0200  all   96,50    0,00    3,50    0,00    0,00    0,00    0,00    0,00    0,00    0,00
		kl. 23.38 +0200  all   98,49    0,00    1,51    0,00    0,00    0,00    0,00    0,00    0,00    0,00

	rtt: 
		1.039717
		pong
		1,0.000056
		2,0.000095
		4,0.000061
		8,0.000058
		16,0.000057
		32,0.000057
		64,0.000056
		128,0.000058
		256,0.000055
		512,0.000058
		1024,0.000035
		2048,0.000057
		4096,0.000057
		8192,0.000061
		16384,0.000071
		32768,0.000092
		65536,0.000135
		131072,0.000239
		262144,0.000435
		524288,0.000839
		1048576,0.001737
		2097152,0.003837
		4194304,0.016866
		8388608,0.017865
		16777216,0.043886
		33554432,0.063907
		67108864,0.163934
		134217728,0.250588
		268435456,0.538598
		536870912,1.025633

Result 5: 
	server:
		kl. 23.43 +0200  all  100,00    0,00    0,00    0,00    0,00    0,00    0,00    0,00    0,00    0,00
		kl. 23.43 +0200  all   83,00    0,00   17,00    0,00    0,00    0,00    0,00    0,00    0,00    0,00
		kl. 23.43 +0200  all   84,50    0,00   15,50    0,00    0,00    0,00    0,00    0,00    0,00    0,00

		kl. 23.43 +0200  CPU    %usr   %nice    %sys %iowait    %irq   %soft  %steal  %guest  %gnice   %idle
		kl. 23.43 +0200  all   89,11    0,00   10,89    0,00    0,00    0,00    0,00    0,00    0,00    0,00
		kl. 23.43 +0200  all   74,16    0,00   25,84    0,00    0,00    0,00    0,00    0,00    0,00    0,00
		kl. 23.43 +0200  all   84,50    0,00   15,50    0,00    0,00    0,00    0,00    0,00    0,00    0,00
		kl. 23.43 +0200  all  100,00    0,00    0,00    0,00    0,00    0,00    0,00    0,00    0,00    0,00

	client:

		kl. 23.43 +0200  all  100,00    0,00    0,00    0,00    0,00    0,00    0,00    0,00    0,00    0,00
		kl. 23.43 +0200  all   99,00    0,00    1,00    0,00    0,00    0,00    0,00    0,00    0,00    0,00
		kl. 23.43 +0200  all   83,92    0,00   16,08    0,00    0,00    0,00    0,00    0,00    0,00    0,00
		kl. 23.43 +0200  all   79,10    0,00   20,90    0,00    0,00    0,00    0,00    0,00    0,00    0,00
		kl. 23.43 +0200  all   97,50    0,00    2,50    0,00    0,00    0,00    0,00    0,00    0,00    0,00
		kl. 23.43 +0200  all   93,50    0,00    6,50    0,00    0,00    0,00    0,00    0,00    0,00    0,00
		kl. 23.43 +0200  all   75,50    0,00   24,50    0,00    0,00    0,00    0,00    0,00    0,00    0,00

		kl. 23.43 +0200  CPU    %usr   %nice    %sys %iowait    %irq   %soft  %steal  %guest  %gnice   %idle
		kl. 23.43 +0200  all   76,00    0,00   24,00    0,00    0,00    0,00    0,00    0,00    0,00    0,00
		kl. 23.43 +0200  all   97,00    0,00    3,00    0,00    0,00    0,00    0,00    0,00    0,00    0,00
		kl. 23.43 +0200  all   98,50    0,00    1,50    0,00    0,00    0,00    0,00    0,00    0,00    0,00

	rtt:
		1.195122
		pong
		1,0.000054
		2,0.000035
		4,0.000047
		8,0.000031
		16,0.000030
		32,0.000031
		64,0.000031
		128,0.000030
		256,0.000031
		512,0.000031
		1024,0.000031
		2048,0.000034
		4096,0.000038
		8192,0.000044
		16384,0.000053
		32768,0.000080
		65536,0.000129
		131072,0.000239
		262144,0.000442
		524288,0.000852
		1048576,0.001735
		2097152,0.003890
		4194304,0.015573
		8388608,0.016842
		16777216,0.042652
		33554432,0.090304
		67108864,0.203977
		134217728,0.251103
		268435456,0.521711
		536870912,0.997735

Results 6: 
	server: 
		kl. 23.52 +0200  all  100,00    0,00    0,00    0,00    0,00    0,00    0,00    0,00    0,00    0,00
		kl. 23.52 +0200  all  100,00    0,00    0,00    0,00    0,00    0,00    0,00    0,00    0,00    0,00
		kl. 23.52 +0200  all   98,50    0,00    1,50    0,00    0,00    0,00    0,00    0,00    0,00    0,00
		kl. 23.52 +0200  all   73,00    0,00   27,00    0,00    0,00    0,00    0,00    0,00    0,00    0,00
		kl. 23.52 +0200  all   95,52    0,00    4,48    0,00    0,00    0,00    0,00    0,00    0,00    0,00
		kl. 23.52 +0200  all   79,07    0,00   20,47    0,00    0,00    0,00    0,00    0,00    0,00    0,47
		kl. 23.52 +0200  all   72,36    0,00   27,64    0,00    0,00    0,00    0,00    0,00    0,00    0,00
		kl. 23.52 +0200  all   92,50    0,00    7,50    0,00    0,00    0,00    0,00    0,00    0,00    0,00
		kl. 23.52 +0200  all  100,00    0,00    0,00    0,00    0,00    0,00    0,00    0,00    0,00    0,00

	client: 

		kl. 23.52 +0200  all  100,00    0,00    0,00    0,00    0,00    0,00    0,00    0,00    0,00    0,00
		kl. 23.52 +0200  all   98,00    0,00    2,00    0,00    0,00    0,00    0,00    0,00    0,00    0,00
		kl. 23.52 +0200  all   75,00    0,00   25,00    0,00    0,00    0,00    0,00    0,00    0,00    0,00
		kl. 23.52 +0200  all   88,00    0,00   12,00    0,00    0,00    0,00    0,00    0,00    0,00    0,00
		kl. 23.52 +0200  all   97,00    0,00    3,00    0,00    0,00    0,00    0,00    0,00    0,00    0,00
		kl. 23.52 +0200  all   88,50    0,00   11,50    0,00    0,00    0,00    0,00    0,00    0,00    0,00
		kl. 23.52 +0200  all   75,00    0,00   25,00    0,00    0,00    0,00    0,00    0,00    0,00    0,00
		kl. 23.52 +0200  all   82,50    0,00   17,50    0,00    0,00    0,00    0,00    0,00    0,00    0,00
		kl. 23.52 +0200  all   97,00    0,00    3,00    0,00    0,00    0,00    0,00    0,00    0,00    0,00
		kl. 23.52 +0200  all   99,00    0,00    1,00    0,00    0,00    0,00    0,00    0,00    0,00    0,00
		kl. 23.52 +0200  all  100,00    0,00    0,00    0,00    0,00    0,00    0,00    0,00    0,00    0,00

	rtt: 
		1.229687
		pong
		1,0.000060
		2,0.000059
		4,0.000041
		8,0.000034
		16,0.000035
		32,0.000035
		64,0.000034
		128,0.000036
		256,0.000039
		512,0.000034
		1024,0.000035
		2048,0.000036
		4096,0.000038
		8192,0.000039
		16384,0.000050
		32768,0.000074
		65536,0.000122
		131072,0.000215
		262144,0.000406
		524288,0.000792
		1048576,0.001700
		2097152,0.010279
		4194304,0.016984
		8388608,0.015628
		16777216,0.046043
		33554432,0.099962
		67108864,0.164318
		134217728,0.264299
		268435456,0.564690
		536870912,1.035601

Result 7: 
	server: 
		kl. 23.57 +0200  all  100,00    0,00    0,00    0,00    0,00    0,00    0,00    0,00    0,00    0,00
		kl. 23.57 +0200  all   70,50    0,00   29,50    0,00    0,00    0,00    0,00    0,00    0,00    0,00
		kl. 23.57 +0200  all   97,50    0,00    2,50    0,00    0,00    0,00    0,00    0,00    0,00    0,00
		kl. 23.57 +0200  all   78,00    0,00   22,00    0,00    0,00    0,00    0,00    0,00    0,00    0,00
		kl. 23.57 +0200  all   75,38    0,00   24,62    0,00    0,00    0,00    0,00    0,00    0,00    0,00
		kl. 23.57 +0200  all   90,05    0,00    9,95    0,00    0,00    0,00    0,00    0,00    0,00    0,00
		kl. 23.57 +0200  all  100,00    0,00    0,00    0,00    0,00    0,00    0,00    0,00    0,00    0,00

		
	client: 
		kl. 23.57 +0200  all   95,50    0,00    4,50    0,00    0,00    0,00    0,00    0,00    0,00    0,00
		kl. 23.57 +0200  all   75,00    0,00   25,00    0,00    0,00    0,00    0,00    0,00    0,00    0,00
		kl. 23.57 +0200  all   89,00    0,00   11,00    0,00    0,00    0,00    0,00    0,00    0,00    0,00
		kl. 23.57 +0200  all   96,50    0,00    3,50    0,00    0,00    0,00    0,00    0,00    0,00    0,00
		kl. 23.57 +0200  all   84,29    0,00   15,71    0,00    0,00    0,00    0,00    0,00    0,00    0,00
		kl. 23.57 +0200  all   74,88    0,00   25,12    0,00    0,00    0,00    0,00    0,00    0,00    0,00
		kl. 23.57 +0200  all   82,41    0,00   17,59    0,00    0,00    0,00    0,00    0,00    0,00    0,00
		kl. 23.57 +0200  all   97,01    0,00    2,99    0,00    0,00    0,00    0,00    0,00    0,00    0,00
		kl. 23.57 +0200  all  100,00    0,00    0,00    0,00    0,00    0,00    0,00    0,00    0,00    0,00

	rtt:	
		1.044696
		pong
		1,0.000056
		2,0.000054
		4,0.000037
		8,0.000035
		16,0.000036
		32,0.000033
		64,0.000037
		128,0.000038
		256,0.000034
		512,0.000034
		1024,0.000034
		2048,0.000038
		4096,0.000042
		8192,0.000040
		16384,0.000053
		32768,0.000079
		65536,0.000132
		131072,0.000236
		262144,0.000637
		524288,0.000856
		1048576,0.001778
		2097152,0.004029
		4194304,0.020961
		8388608,0.018277
		16777216,0.049549
		33554432,0.099965
		67108864,0.183989
		134217728,0.264563
		268435456,0.584644
		536870912,1.105239

