Result 1:
	Server:
		kl. 21.08 +0200  all    0,00    0,00    0,00    0,00    0,00    0,00    0,00    0,00    0,00  100,00
		kl. 21.08 +0200  all    0,00    0,00    3,00    1,00    0,00    0,00    0,00    0,00    0,00   96,00
		kl. 21.08 +0200  all    6,59    0,00   34,73    0,00    0,00    0,00    0,00    0,00    0,00   58,68
		kl. 21.08 +0200  all    0,00    0,00    0,50    0,50    0,00    0,00    0,00    0,00    0,00   99,00
		kl. 21.08 +0200  all    0,00    0,00   16,92    0,00    0,00    0,00    0,00    0,00    0,00   83,08
		kl. 21.08 +0200  all    0,00    0,00    6,00    4,50    0,00    0,00    0,00    0,00    0,00   89,50
		kl. 21.08 +0200  all    0,00    0,00    0,00    0,00    0,00    0,00    0,00    0,00    0,00  100,00
	
	Client:
		kl. 21.08 +0200  all    0,00    0,00    0,51    0,00    0,00    0,00    0,00    0,00    0,00   99,49
		kl. 21.08 +0200  all    6,67    0,00   11,28   15,38    0,00    0,00    0,00    0,00    0,00   66,67
		kl. 21.08 +0200  all    3,09    0,00   25,77    0,00    0,00    0,00    0,00    0,00    0,00   71,13
		kl. 21.08 +0200  all    3,80    0,00    9,24    0,00    0,00    0,00    0,00    0,00    0,00   86,96
		kl. 21.08 +0200  all    4,69    0,00    8,92    0,00    0,00    0,47    0,00    0,00    0,00   85,92

		kl. 21.08 +0200  CPU    %usr   %nice    %sys %iowait    %irq   %soft  %steal  %guest  %gnice   %idle
		kl. 21.08 +0200  all    3,37    0,00   17,31    0,00    0,00    0,00    0,00    0,00    0,00   79,33
		kl. 21.08 +0200  all    3,83    0,00    4,31    3,83    0,00    0,00    0,00    0,00    0,00   88,04
		kl. 21.08 +0200  all    4,31    0,00    2,87    9,57    0,00    0,00    0,00    0,00    0,00   83,25
		kl. 21.08 +0200  all    4,33    0,00    1,92    0,00    0,00    0,00    0,00    0,00    0,00   93,75
		kl. 21.08 +0200  all    0,51    0,00    0,51    0,00    0,00    0,00    0,00    0,00    0,00   98,98
		kl. 21.08 +0200  all    0,00    0,00    0,00    0,00    0,00    0,00    0,00    0,00    0,00  100,00

	RTT: 
		1.126499
		pong
		1,0.000178
		2,0.000103
		4,0.000060
		8,0.000053
		16,0.000052
		32,0.000052
		64,0.000053
		128,0.000054
		256,0.000055
		512,0.000057
		1024,0.000059
		2048,0.000058
		4096,0.000055
		8192,0.000070
		16384,0.000079
		32768,0.000100
		65536,0.000144
		131072,0.000230
		262144,0.000397
		524288,0.000741
		1048576,0.001423
		2097152,0.002790
		4194304,0.005465
		8388608,0.010794
		16777216,0.021663
		33554432,0.043166
		67108864,0.085923
		134217728,0.171585
		268435456,0.303785
		536870912,0.567177


Result 2: 
	server: 
		kl. 21.18 +0200  all    0,00    0,00    0,00    0,00    0,00    0,00    0,00    0,00    0,00  100,00
		kl. 21.18 +0200  all    4,02    0,00   20,10    1,51    0,00    0,00    0,00    0,00    0,00   74,37
		kl. 21.18 +0200  all    1,67    0,00   12,78    0,00    0,00    0,00    0,00    0,00    0,00   85,56
		kl. 21.18 +0200  all    0,00    0,00    7,92    0,00    0,00    0,00    0,00    0,00    0,00   92,08
		kl. 21.18 +0200  all    0,50    0,00   15,50    5,00    0,00    0,00    0,00    0,00    0,00   79,00
		kl. 21.18 +0200  all    0,00    0,00    0,00    0,00    0,00    0,00    0,00    0,00    0,00  100,00

	client: 
		kl. 21.18 +0200  all    0,00    0,00    0,00    1,02    0,00    0,00    0,00    0,00    0,00   98,98
		kl. 21.18 +0200  all    1,03    0,00    0,51    0,00    0,00    0,00    0,00    0,00    0,00   98,46
		kl. 21.18 +0200  all    7,58    0,00    3,03   28,79    0,00    0,00    0,00    0,00    0,00   60,61
		kl. 21.18 +0200  all    8,57    0,00   33,33    0,00    0,00    0,00    0,00    0,00    0,00   58,10
		kl. 21.18 +0200  all    4,97    0,00    2,76    0,00    0,00    0,00    0,00    0,00    0,00   92,27

		kl. 21.18 +0200  CPU    %usr   %nice    %sys %iowait    %irq   %soft  %steal  %guest  %gnice   %idle
		kl. 21.18 +0200  all    2,03    0,00    4,06    0,00    0,00    0,00    0,00    0,00    0,00   93,91
		kl. 21.18 +0200  all    0,00    0,00   16,84    1,02    0,00    0,00    0,00    0,00    0,00   82,14
		kl. 21.18 +0200  all    1,50    0,00    2,00    0,00    0,00    0,00    0,00    0,00    0,00   96,50
		kl. 21.18 +0200  all    2,01    0,00    2,01   13,57    0,00    0,00    0,00    0,00    0,00   82,41
		kl. 21.18 +0200  all    1,01    0,00    0,51    0,00    0,00    0,00    0,00    0,00    0,00   98,48
	
	RTT:
		1.125360
		pong
		1,0.000172
		2,0.000181
		4,0.000054
		8,0.000056
		16,0.000057
		32,0.002091
		64,0.000059
		128,0.000055
		256,0.000079
		512,0.000053
		1024,0.000052
		2048,0.000053
		4096,0.000055
		8192,0.000060
		16384,0.000071
		32768,0.000091
		65536,0.000134
		131072,0.000219
		262144,0.000387
		524288,0.000732
		1048576,0.001424
		2097152,0.002746
		4194304,0.005384
		8388608,0.010725
		16777216,0.021495
		33554432,0.043247
		67108864,0.085887
		134217728,0.171444
		268435456,0.302958
		536870912,0.566960

Results 3: 
	server: 
		kl. 21.31 +0200  all    0,00    0,00    0,00    0,00    0,00    0,00    0,00    0,00    0,00  100,00
		kl. 21.31 +0200  all    4,52    0,00   27,14    0,00    0,00    0,00    0,00    0,00    0,00   68,34
		kl. 21.31 +0200  all    0,55    0,00    5,49    0,00    0,00    0,55    0,00    0,00    0,00   93,41
		kl. 21.31 +0200  all    0,00    0,00   10,00    0,00    0,00    0,00    0,00    0,00    0,00   90,00
		kl. 21.31 +0200  all    0,00    0,00   13,00    3,00    0,00    0,00    0,00    0,00    0,00   84,00
		kl. 21.31 +0200  all    1,00    0,00    0,00    0,50    0,00    0,00    0,00    0,00    0,00   98,50

	client: 
		kl. 21.30 +0200  all    0,00    0,00    0,00    0,00    0,00    0,00    0,00    0,00    0,00  100,00
		kl. 21.31 +0200  all    5,13    0,00    4,62   22,56    0,00    0,00    0,00    0,00    0,00   67,69
		kl. 21.31 +0200  all    4,12    0,00   32,99    0,00    0,00    0,00    0,00    0,00    0,00   62,89
		kl. 21.31 +0200  all    0,00    0,00    0,57    0,00    0,00    0,00    0,00    0,00    0,00   99,43
		kl. 21.31 +0200  all    0,51    0,00    5,05    1,01    0,00    0,00    0,00    0,00    0,00   93,43
		kl. 21.31 +0200  all    4,31    0,00   17,22    0,00    0,00    0,00    0,00    0,00    0,00   78,47
		kl. 21.31 +0200  all    2,50    0,00    2,50    0,00    0,00    0,00    0,00    0,00    0,00   95,00
		kl. 21.31 +0200  all    0,51    0,00    1,53   19,90    0,00    0,00    0,00    0,00    0,00   78,06
		kl. 21.31 +0200  all    0,51    0,00    0,51    1,53    0,00    0,00    0,00    0,00    0,00   97,45
	
	RTT:
		1.120922
		pong
		1,0.000150
		2,0.000104
		4,0.000064
		8,0.000061
		16,0.000067
		32,0.004673
		64,0.000058
		128,0.000057
		256,0.000055
		512,0.000058
		1024,0.000060
		2048,0.000058
		4096,0.000061
		8192,0.000064
		16384,0.000076
		32768,0.000096
		65536,0.000139
		131072,0.000224
		262144,0.000396
		524288,0.000741
		1048576,0.001426
		2097152,0.002769
		4194304,0.005379
		8388608,0.010704
		16777216,0.021607
		33554432,0.043218
		67108864,0.086043
		134217728,0.171279
		268435456,0.303198
		536870912,0.567680

Results 4:
	server:
		kl. 21.37 +0200  all    0,00    0,00    0,00    0,00    0,00    0,00    0,00    0,00    0,00  100,00
		kl. 21.37 +0200  all    3,02    0,00   19,10    0,00    0,00    0,00    0,00    0,00    0,00   77,89
		kl. 21.37 +0200  all    0,56    0,00   16,67    0,00    0,00    0,00    0,00    0,00    0,00   82,78
		kl. 21.37 +0200  all    0,00    0,00    7,92    0,00    0,00    0,00    0,00    0,00    0,00   92,08
		kl. 21.37 +0200  all    0,50    0,00   15,50    1,50    0,00    0,00    0,00    0,00    0,00   82,50
		kl. 21.37 +0200  all    0,49    0,00    0,49    0,49    0,00    0,00    0,00    0,00    0,00   98,52
		kl. 21.37 +0200  all    0,00    0,00    0,00    0,00    0,00    0,00    0,00    0,00    0,00  100,00


	client:
		kl. 21.37 +0200  all    0,51    0,00    0,51    0,00    0,00    0,00    0,00    0,00    0,00   98,98
		kl. 21.37 +0200  all    1,02    0,00    0,51    0,00    0,00    0,00    0,00    0,00    0,00   98,48
		kl. 21.37 +0200  all    1,01    0,00    1,51    0,00    0,00    0,00    0,00    0,00    0,00   97,49
		kl. 21.37 +0200  all    3,50    0,00    1,50   16,50    0,00    0,00    0,00    0,00    0,00   78,50
		kl. 21.37 +0200  all   10,19    0,00   35,44    6,31    0,00    0,00    0,00    0,00    0,00   48,06
		kl. 21.37 +0200  all    2,55    0,00    2,04    0,00    0,00    0,00    0,00    0,00    0,00   95,41
		kl. 21.37 +0200  all    0,55    0,00    0,55    0,00    0,00    0,00    0,00    0,00    0,00   98,90
		kl. 21.37 +0200  all    0,51    0,00   17,26    0,51    0,00    0,00    0,00    0,00    0,00   81,73
		kl. 21.37 +0200  all    1,98    0,00    6,44    0,00    0,00    0,00    0,00    0,00    0,00   91,58

	RTT:
	
		1.133602
		pong
		1,0.000163
		2,0.000106
		4,0.000074
		8,0.000072
		16,0.000071
		32,0.000055
		64,0.000052
		128,0.000052
		256,0.000051
		512,0.000053
		1024,0.000190
		2048,0.000062
		4096,0.000065
		8192,0.000067
		16384,0.000083
		32768,0.000097
		65536,0.000143
		131072,0.000227
		262144,0.000397
		524288,0.000742
		1048576,0.001428
		2097152,0.002777
		4194304,0.005386
		8388608,0.010728
		16777216,0.021636
		33554432,0.043219
		67108864,0.085778
		134217728,0.171743
		268435456,0.302816
		536870912,0.566978


Results 5:
	server: 
		kl. 21.42 +0200  all    0,00    0,00    0,00    0,00    0,00    0,00    0,00    0,00    0,00  100,00
		kl. 21.42 +0200  all    0,50    0,00    0,50    0,50    0,00    0,00    0,00    0,00    0,00   98,50
		kl. 21.42 +0200  all    3,02    0,00   26,13    0,00    0,00    0,00    0,00    0,00    0,00   70,85
		kl. 21.42 +0200  all    1,11    0,00    8,33    0,00    0,00    0,00    0,00    0,00    0,00   90,56
		kl. 21.42 +0200  all    0,00    0,00    9,36    2,46    0,00    0,00    0,00    0,00    0,00   88,18
		kl. 21.42 +0200  all    0,00    0,00   14,50    1,00    0,00    0,00    0,00    0,00    0,00   84,50
		kl. 21.42 +0200  all    0,00    0,00    0,00    0,00    0,00    0,00    0,00    0,00    0,00  100,00

	client: 
		kl. 21.42 +0200  CPU    %usr   %nice    %sys %iowait    %irq   %soft  %steal  %guest  %gnice   %idle
		kl. 21.42 +0200  all    1,50    0,00    0,50    0,50    0,00    0,00    0,00    0,00    0,00   97,50
		kl. 21.42 +0200  all    7,22    0,00    7,73   21,65    0,00    0,00    0,00    0,00    0,00   63,40
		kl. 21.42 +0200  all    6,12    0,00   27,55    0,00    0,00    0,00    0,00    0,00    0,00   66,33
		kl. 21.42 +0200  all    0,00    0,00    0,00    2,29    0,00    0,00    0,00    0,00    0,00   97,71
		kl. 21.42 +0200  all    0,00    0,00    5,15    3,09    0,00    0,00    0,00    0,00    0,00   91,75
		kl. 21.42 +0200  all    0,51    0,00   17,17    0,00    0,00    0,00    0,00    0,00    0,00   82,32
		kl. 21.42 +0200  all    0,00    0,00    1,03    0,00    0,00    0,00    0,00    0,00    0,00   98,97
		kl. 21.42 +0200  all    0,00    0,00    1,03   18,46    0,00    0,00    0,00    0,00    0,00   80,51
		kl. 21.42 +0200  all    0,00    0,00    0,00    0,00    0,00    0,00    0,00    0,00    0,00  100,00

	rtt: 
		1.133045
		pong
		1,0.000188
		2,0.000100
		4,0.000074
		8,0.000071
		16,0.000070
		32,0.000055
		64,0.000054
		128,0.000055
		256,0.000054
		512,0.000056
		1024,0.000054
		2048,0.000063
		4096,0.000058
		8192,0.000068
		16384,0.000078
		32768,0.000097
		65536,0.000144
		131072,0.000229
		262144,0.000398
		524288,0.000747
		1048576,0.001431
		2097152,0.002789
		4194304,0.005403
		8388608,0.010742
		16777216,0.021640
		33554432,0.043238
		67108864,0.086027
		134217728,0.172031
		268435456,0.303342
		536870912,0.567038

Results 6:
	server:
		kl. 21.45 +0200  all    0,00    0,00    0,00    0,00    0,00    0,00    0,00    0,00    0,00  100,00
		kl. 21.45 +0200  all    0,51    0,00    8,59    0,51    0,00    0,00    0,00    0,00    0,00   90,40
		kl. 21.45 +0200  all    3,93    0,00   27,53    0,00    0,00    0,00    0,00    0,00    0,00   68,54
		kl. 21.45 +0200  all    0,50    0,00    2,99    0,50    0,00    0,00    0,00    0,00    0,00   96,02
		kl. 21.45 +0200  all    0,00    0,00   20,40    0,00    0,00    0,00    0,00    0,00    0,00   79,60
		kl. 21.45 +0200  all    0,00    0,00    1,00    2,50    0,00    0,00    0,00    0,00    0,00   96,50
		kl. 21.45 +0200  all    0,00    0,00    0,00    0,00    0,00    0,00    0,00    0,00    0,00  100,00
	client: 
		kl. 21.45 +0200  all    1,02    0,00    0,00    0,00    0,00    0,00    0,00    0,00    0,00   98,98
		kl. 21.45 +0200  all    1,51    0,00    1,51    4,02    0,00    0,50    0,00    0,00    0,00   92,46
		kl. 21.45 +0200  all    8,50    0,00   19,50   25,00    0,00    0,00    0,00    0,00    0,00   47,00
		kl. 21.45 +0200  all    3,09    0,00   15,98    0,00    0,00    0,00    0,00    0,00    0,00   80,93
		kl. 21.45 +0200  all    0,00    0,00    0,00    0,00    0,00    0,00    0,00    0,00    0,00  100,00
		kl. 21.45 +0200  all    0,00    0,00    9,64    1,02    0,00    0,00    0,00    0,00    0,00   89,34
		kl. 21.45 +0200  all    2,01    0,00   12,06    0,00    0,00    0,00    0,00    0,00    0,00   85,93
		kl. 21.45 +0200  all    1,01    0,00    2,53   15,66    0,00    0,00    0,00    0,00    0,00   80,81

	rtt:
		1.130836
		pong
		1,0.000169
		2,0.000089
		4,0.005971
		8,0.000056
		16,0.000058
		32,0.000056
		64,0.000059
		128,0.000055
		256,0.000056
		512,0.000055
		1024,0.000056
		2048,0.000056
		4096,0.000057
		8192,0.000062
		16384,0.000073
		32768,0.000095
		65536,0.000136
		131072,0.000223
		262144,0.000394
		524288,0.000749
		1048576,0.001431
		2097152,0.002779
		4194304,0.005406
		8388608,0.010723
		16777216,0.021580
		33554432,0.043352
		67108864,0.086183
		134217728,0.172099
		268435456,0.303966
		536870912,0.568704

Result 7: 
	
	server:
		kl. 21.54 +0200  all    0,00    0,00    0,00    0,00    0,00    0,00    0,00    0,00    0,00  100,00
		kl. 21.54 +0200  all    3,03    0,00   26,77    0,00    0,00    0,00    0,00    0,00    0,00   70,20
		kl. 21.54 +0200  all    1,11    0,00    7,22    0,00    0,00    0,00    0,00    0,00    0,00   91,67
		kl. 21.54 +0200  all    0,00    0,00    9,90    0,00    0,00    0,00    0,00    0,00    0,00   90,10
		kl. 21.54 +0200  all    0,00    0,00   13,86    1,49    0,00    0,00    0,00    0,00    0,00   84,65
		kl. 21.54 +0200  all    0,00    0,00    0,00    0,00    0,00    0,00    0,00    0,00    0,00  100,00

	client: 
		kl. 21.54 +0200  all    1,03    0,00    0,00    0,00    0,00    0,00    0,00    0,00    0,00   98,97
		kl. 21.54 +0200  all    8,12    0,00   11,68   29,44    0,00    0,00    0,00    0,00    0,00   50,76
		kl. 21.54 +0200  all    5,00    0,00   24,50    0,00    0,00    0,00    0,00    0,00    0,00   70,50
		kl. 21.54 +0200  all    1,73    0,00    1,16    0,00    0,00    0,00    0,00    0,00    0,00   97,11
		kl. 21.54 +0200  all    0,00    0,00    7,61    0,00    0,00    0,00    0,00    0,00    0,00   92,39
		kl. 21.54 +0200  all    0,00    0,00   15,31    0,00    0,00    0,00    0,00    0,00    0,00   84,69
		kl. 21.54 +0200  all    1,02    0,00    1,53    9,18    0,00    0,00    0,00    0,00    0,00   88,27
	rtt:
		1.127802
		pong
		1,0.000159
		2,0.000119
		4,0.000067
		8,0.000061
		16,0.000059
		32,0.000059
		64,0.000059
		128,0.000059
		256,0.000059
		512,0.000060
		1024,0.000066
		2048,0.000058
		4096,0.000059
		8192,0.000070
		16384,0.000078
		32768,0.000098
		65536,0.000146
		131072,0.000224
		262144,0.000394
		524288,0.000737
		1048576,0.001416
		2097152,0.002761
		4194304,0.005401
		8388608,0.010932
		16777216,0.021611
		33554432,0.043126
		67108864,0.086221
		134217728,0.171512
		268435456,0.302905
		536870912,0.567396


	
