Result 1:
	server: 
		kl. 22.11 +0200  all  100,00    0,00    0,00    0,00    0,00    0,00    0,00    0,00    0,00    0,00
		kl. 22.11 +0200  all   91,50    0,00    8,50    0,00    0,00    0,00    0,00    0,00    0,00    0,00
		kl. 22.11 +0200  all   72,93    0,00   27,07    0,00    0,00    0,00    0,00    0,00    0,00    0,00
		kl. 22.11 +0200  all  100,00    0,00    0,00    0,00    0,00    0,00    0,00    0,00    0,00    0,00
		kl. 22.11 +0200  all   89,45    0,00   10,55    0,00    0,00    0,00    0,00    0,00    0,00    0,00

		kl. 22.11 +0200  CPU    %usr   %nice    %sys %iowait    %irq   %soft  %steal  %guest  %gnice   %idle
		kl. 22.11 +0200  all   83,08    0,00   16,92    0,00    0,00    0,00    0,00    0,00    0,00    0,00
		kl. 22.11 +0200  all  100,00    0,00    0,00    0,00    0,00    0,00    0,00    0,00    0,00    0,00

	client:
		kl. 22.11 +0200  all   99,00    0,00    1,00    0,00    0,00    0,00    0,00    0,00    0,00    0,00
		kl. 22.11 +0200  all   74,50    0,00   25,50    0,00    0,00    0,00    0,00    0,00    0,00    0,00
		kl. 22.11 +0200  all   86,93    0,00   13,07    0,00    0,00    0,00    0,00    0,00    0,00    0,00
		kl. 22.11 +0200  all   97,24    0,00    2,76    0,00    0,00    0,00    0,00    0,00    0,00    0,00
		kl. 22.11 +0200  all   97,99    0,00    2,01    0,00    0,00    0,00    0,00    0,00    0,00    0,00
		kl. 22.11 +0200  all   85,00    0,00   15,00    0,00    0,00    0,00    0,00    0,00    0,00    0,00
		kl. 22.11 +0200  all   86,50    0,00   13,50    0,00    0,00    0,00    0,00    0,00    0,00    0,00
		kl. 22.11 +0200  all   98,50    0,00    1,50    0,00    0,00    0,00    0,00    0,00    0,00    0,00

	rtt: 
		1.634609
		pong
		1,0.000113
		2,0.000078
		4,0.000049
		8,0.000051
		16,0.000062
		32,0.000072
		64,0.000070
		128,0.000070
		256,0.000075
		512,0.000070
		1024,0.000070
		2048,0.000065
		4096,0.000067
		8192,0.000070
		16384,0.000075
		32768,0.000092
		65536,0.000138
		131072,0.000222
		262144,0.000389
		524288,0.000738
		1048576,0.001426
		2097152,0.002742
		4194304,0.010925
		8388608,0.018049
		16777216,0.022738
		33554432,0.042709
		67108864,0.085384
		134217728,0.170970
		268435456,0.302561
		536870912,0.579432

Result 2: 
	server:
		kl. 22.28 +0200  all   89,50    0,00   10,50    0,00    0,00    0,00    0,00    0,00    0,00    0,00
		kl. 22.28 +0200  all   76,11    0,00   23,89    0,00    0,00    0,00    0,00    0,00    0,00    0,00
		kl. 22.28 +0200  all  100,00    0,00    0,00    0,00    0,00    0,00    0,00    0,00    0,00    0,00
		kl. 22.28 +0200  all   86,07    0,00   13,93    0,00    0,00    0,00    0,00    0,00    0,00    0,00
		kl. 22.28 +0200  all   89,95    0,00   10,05    0,00    0,00    0,00    0,00    0,00    0,00    0,00
	client: 
		kl. 22.28 +0200  all   93,53    0,00    5,97    0,00    0,00    0,50    0,00    0,00    0,00    0,00
		kl. 22.28 +0200  all   75,50    0,00   24,50    0,00    0,00    0,00    0,00    0,00    0,00    0,00
		kl. 22.28 +0200  all   92,00    0,00    8,00    0,00    0,00    0,00    0,00    0,00    0,00    0,00
		kl. 22.28 +0200  all   98,89    0,00    1,11    0,00    0,00    0,00    0,00    0,00    0,00    0,00
		kl. 22.28 +0200  all   96,00    0,00    4,00    0,00    0,00    0,00    0,00    0,00    0,00    0,00
		kl. 22.28 +0200  all   78,50    0,00   21,50    0,00    0,00    0,00    0,00    0,00    0,00    0,00
		kl. 22.28 +0200  all   98,00    0,00    2,00    0,00    0,00    0,00    0,00    0,00    0,00    0,00
		kl. 22.28 +0200  all   97,99    0,00    2,01    0,00    0,00    0,00    0,00    0,00    0,00    0,00
		kl. 22.28 +0200  all   99,50    0,00    0,50    0,00    0,00    0,00    0,00    0,00    0,00    0,00

	rtt: 
		1.626462
		pong
		1,0.000115
		2,0.000064
		4,0.000053
		8,0.000050
		16,0.000053
		32,0.000063
		64,0.000057
		128,0.000055
		256,0.000056
		512,0.000055
		1024,0.000056
		2048,0.000058
		4096,0.000056
		8192,0.000063
		16384,0.000072
		32768,0.000092
		65536,0.000136
		131072,0.000225
		262144,0.000391
		524288,0.000739
		1048576,0.001422
		2097152,0.002763
		4194304,0.007025
		8388608,0.018048
		16777216,0.022724
		33554432,0.042719
		67108864,0.085383
		134217728,0.171292
		268435456,0.307668
		536870912,0.580254



Result 3:
	server: 
		kl. 22.33 +0200  all  100,00    0,00    0,00    0,00    0,00    0,00    0,00    0,00    0,00    0,00
		kl. 22.33 +0200  all   71,50    0,00   28,50    0,00    0,00    0,00    0,00    0,00    0,00    0,00
		kl. 22.33 +0200  all   94,44    0,00    5,56    0,00    0,00    0,00    0,00    0,00    0,00    0,00
		kl. 22.33 +0200  all   93,53    0,00    6,47    0,00    0,00    0,00    0,00    0,00    0,00    0,00
		kl. 22.33 +0200  all   82,00    0,00   18,00    0,00    0,00    0,00    0,00    0,00    0,00    0,00
		kl. 22.33 +0200  all  100,00    0,00    0,00    0,00    0,00    0,00    0,00    0,00    0,00    0,00
	
	client: 
		kl. 22.33 +0200  all   97,01    0,00    2,99    0,00    0,00    0,00    0,00    0,00    0,00    0,00
		kl. 22.33 +0200  all   77,89    0,00   22,11    0,00    0,00    0,00    0,00    0,00    0,00    0,00
		kl. 22.33 +0200  all   83,50    0,00   16,50    0,00    0,00    0,00    0,00    0,00    0,00    0,00

		kl. 22.33 +0200  CPU    %usr   %nice    %sys %iowait    %irq   %soft  %steal  %guest  %gnice   %idle
		kl. 22.33 +0200  all  100,00    0,00    0,00    0,00    0,00    0,00    0,00    0,00    0,00    0,00
		kl. 22.33 +0200  all   98,39    0,00    1,08    0,00    0,00    0,54    0,00    0,00    0,00    0,00
		kl. 22.33 +0200  all   86,00    0,00   14,00    0,00    0,00    0,00    0,00    0,00    0,00    0,00
		kl. 22.33 +0200  all   91,00    0,00    9,00    0,00    0,00    0,00    0,00    0,00    0,00    0,00
		kl. 22.33 +0200  all   97,00    0,00    3,00    0,00    0,00    0,00    0,00    0,00    0,00    0,00
	
	rtt:
		1.554855
		pong
		1,0.000133
		2,0.000094
		4,0.000071
		8,0.000072
		16,0.000071
		32,0.000070
		64,0.000070
		128,0.000069
		256,0.000073
		512,0.000072
		1024,0.000067
		2048,0.000064
		4096,0.000067
		8192,0.000071
		16384,0.000075
		32768,0.000092
		65536,0.000135
		131072,0.000222
		262144,0.000392
		524288,0.000747
		1048576,0.001432
		2097152,0.002755
		4194304,0.010817
		8388608,0.018063
		16777216,0.021442
		33554432,0.042850
		67108864,0.085605
		134217728,0.171498
		268435456,0.302776
		536870912,0.573897

Result 4: 
	
	server:
			
		kl. 22.40 +0200  all  100,00    0,00    0,00    0,00    0,00    0,00    0,00    0,00    0,00    0,00
		kl. 22.40 +0200  all   79,50    0,00   20,50    0,00    0,00    0,00    0,00    0,00    0,00    0,00
		kl. 22.40 +0200  all   82,78    0,00   17,22    0,00    0,00    0,00    0,00    0,00    0,00    0,00
		kl. 22.40 +0200  all   96,02    0,00    3,98    0,00    0,00    0,00    0,00    0,00    0,00    0,00
		kl. 22.40 +0200  all   83,92    0,00   16,08    0,00    0,00    0,00    0,00    0,00    0,00    0,00
		kl. 22.40 +0200  all  100,00    0,00    0,00    0,00    0,00    0,00    0,00    0,00    0,00    0,00
		kl. 22.40 +0200  all   99,50    0,00    0,50    0,00    0,00    0,00    0,00    0,00    0,00    0,00

	client: 
		kl. 22.40 +0200  all   98,51    0,00    1,00    0,00    0,00    0,50    0,00    0,00    0,00    0,00

		kl. 22.40 +0200  CPU    %usr   %nice    %sys %iowait    %irq   %soft  %steal  %guest  %gnice   %idle
		kl. 22.40 +0200  all   90,00    0,00   10,00    0,00    0,00    0,00    0,00    0,00    0,00    0,00
		kl. 22.40 +0200  all   77,50    0,00   22,50    0,00    0,00    0,00    0,00    0,00    0,00    0,00
		kl. 22.40 +0200  all   97,52    0,00    2,48    0,00    0,00    0,00    0,00    0,00    0,00    0,00
		kl. 22.40 +0200  all  100,00    0,00    0,00    0,00    0,00    0,00    0,00    0,00    0,00    0,00
		kl. 22.40 +0200  all   85,50    0,00   14,50    0,00    0,00    0,00    0,00    0,00    0,00    0,00
		kl. 22.40 +0200  all   90,00    0,00   10,00    0,00    0,00    0,00    0,00    0,00    0,00    0,00
		kl. 22.40 +0200  all   98,00    0,00    2,00    0,00    0,00    0,00    0,00    0,00    0,00    0,00

	rtt
		1.452832
		pong
		1,0.000126
		2,0.000066
		4,0.000057
		8,0.000057
		16,0.000063
		32,0.000058
		64,0.000056
		128,0.000058
		256,0.000058
		512,0.000058
		1024,0.000055
		2048,0.000063
		4096,0.000066
		8192,0.000069
		16384,0.000076
		32768,0.000095
		65536,0.000138
		131072,0.000222
		262144,0.000393
		524288,0.001184
		1048576,0.001414
		2097152,0.002741
		4194304,0.014550
		8388608,0.011926
		16777216,0.021552
		33554432,0.043147
		67108864,0.085835
		134217728,0.172239
		268435456,0.308756
		536870912,0.580618

Result 5: 
	
	server:
		kl. 22.48 +0200  all  100,00    0,00    0,00    0,00    0,00    0,00    0,00    0,00    0,00    0,00
		kl. 22.48 +0200  all   92,54    0,00    7,46    0,00    0,00    0,00    0,00    0,00    0,00    0,00
		kl. 22.48 +0200  all   74,09    0,00   25,91    0,00    0,00    0,00    0,00    0,00    0,00    0,00
		kl. 22.48 +0200  all  100,00    0,00    0,00    0,00    0,00    0,00    0,00    0,00    0,00    0,00
		kl. 22.48 +0200  all   88,50    0,00   11,50    0,00    0,00    0,00    0,00    0,00    0,00    0,00
		kl. 22.48 +0200  all   86,43    0,00   13,57    0,00    0,00    0,00    0,00    0,00    0,00    0,00
		kl. 22.48 +0200  all  100,00    0,00    0,00    0,00    0,00    0,00    0,00    0,00    0,00    0,00

	client:
		kl. 22.48 +0200  all  100,00    0,00    0,00    0,00    0,00    0,00    0,00    0,00    0,00    0,00
		kl. 22.48 +0200  all   99,50    0,00    0,50    0,00    0,00    0,00    0,00    0,00    0,00    0,00
		kl. 22.48 +0200  all   78,50    0,00   21,50    0,00    0,00    0,00    0,00    0,00    0,00    0,00
		kl. 22.48 +0200  all   87,00    0,00   13,00    0,00    0,00    0,00    0,00    0,00    0,00    0,00
		kl. 22.48 +0200  all  100,00    0,00    0,00    0,00    0,00    0,00    0,00    0,00    0,00    0,00

		kl. 22.48 +0200  CPU    %usr   %nice    %sys %iowait    %irq   %soft  %steal  %guest  %gnice   %idle
		kl. 22.48 +0200  all  100,00    0,00    0,00    0,00    0,00    0,00    0,00    0,00    0,00    0,00
		kl. 22.48 +0200  all   83,50    0,00   16,50    0,00    0,00    0,00    0,00    0,00    0,00    0,00
		kl. 22.48 +0200  all   86,50    0,00   13,50    0,00    0,00    0,00    0,00    0,00    0,00    0,00
		kl. 22.48 +0200  all   95,02    0,00    4,98    0,00    0,00    0,00    0,00    0,00    0,00    0,00
		kl. 22.48 +0200  all   97,00    0,00    3,00    0,00    0,00    0,00    0,00    0,00    0,00    0,00
	rtt:	

		1.656331
		pong
		1,0.000113
		2,0.000081
		4,0.000054
		8,0.000075
		16,0.000075
		32,0.000075
		64,0.000070
		128,0.000077
		256,0.000078
		512,0.000104
		1024,0.000072
		2048,0.000080
		4096,0.000071
		8192,0.000071
		16384,0.000074
		32768,0.000092
		65536,0.000136
		131072,0.000220
		262144,0.000386
		524288,0.000738
		1048576,0.001432
		2097152,0.002796
		4194304,0.010740
		8388608,0.018046
		16777216,0.021378
		33554432,0.042722
		67108864,0.085353
		134217728,0.171349
		268435456,0.316168
		536870912,0.570403

Result 6: 
	
	server: 
		kl. 22.53 +0200  all   93,50    0,00    6,50    0,00    0,00    0,00    0,00    0,00    0,00    0,00
		kl. 22.53 +0200  all   73,40    0,00   26,60    0,00    0,00    0,00    0,00    0,00    0,00    0,00
		kl. 22.53 +0200  all  100,00    0,00    0,00    0,00    0,00    0,00    0,00    0,00    0,00    0,00
		kl. 22.53 +0200  all   88,00    0,00   12,00    0,00    0,00    0,00    0,00    0,00    0,00    0,00
		kl. 22.53 +0200  all   92,04    0,00    7,96    0,00    0,00    0,00    0,00    0,00    0,00    0,00

	client:
		kl. 22.53 +0200  all   99,50    0,00    0,50    0,00    0,00    0,00    0,00    0,00    0,00    0,00
		kl. 22.53 +0200  all   96,52    0,00    3,48    0,00    0,00    0,00    0,00    0,00    0,00    0,00
		kl. 22.53 +0200  all   76,50    0,00   23,50    0,00    0,00    0,00    0,00    0,00    0,00    0,00

		kl. 22.53 +0200  CPU    %usr   %nice    %sys %iowait    %irq   %soft  %steal  %guest  %gnice   %idle
		kl. 22.53 +0200  all   88,00    0,00   12,00    0,00    0,00    0,00    0,00    0,00    0,00    0,00
		kl. 22.53 +0200  all   95,58    0,00    4,42    0,00    0,00    0,00    0,00    0,00    0,00    0,00
		kl. 22.53 +0200  all   98,00    0,00    2,00    0,00    0,00    0,00    0,00    0,00    0,00    0,00
		kl. 22.53 +0200  all   82,59    0,00   16,92    0,00    0,00    0,50    0,00    0,00    0,00    0,00
		kl. 22.53 +0200  all   91,00    0,00    9,00    0,00    0,00    0,00    0,00    0,00    0,00    0,00
		kl. 22.53 +0200  all   95,50    0,00    4,50    0,00    0,00    0,00    0,00    0,00    0,00    0,00


	RTT: 
		1.563618
		pong
		1,0.000146
		2,0.000153
		4,0.000073
		8,0.000081
		16,0.000079
		32,0.000073
		64,0.000074
		128,0.000078
		256,0.000080
		512,0.000073
		1024,0.000080
		2048,0.000070
		4096,0.000067
		8192,0.000070
		16384,0.000075
		32768,0.000093
		65536,0.000135
		131072,0.000222
		262144,0.000389
		524288,0.000743
		1048576,0.001428
		2097152,0.002775
		4194304,0.010630
		8388608,0.014051
		16777216,0.021444
		33554432,0.042907
		67108864,0.085796
		134217728,0.171580
		268435456,0.302695
		536870912,0.567452

Result 7:
	
	server: 

		kl. 22.59 +0200  CPU    %usr   %nice    %sys %iowait    %irq   %soft  %steal  %guest  %gnice   %idle
		kl. 22.59 +0200  all  100,00    0,00    0,00    0,00    0,00    0,00    0,00    0,00    0,00    0,00
		kl. 22.59 +0200  all   74,13    0,00   25,87    0,00    0,00    0,00    0,00    0,00    0,00    0,00
		kl. 22.59 +0200  all   92,78    0,00    7,22    0,00    0,00    0,00    0,00    0,00    0,00    0,00
		kl. 22.59 +0200  all   94,53    0,00    5,47    0,00    0,00    0,00    0,00    0,00    0,00    0,00
		kl. 22.59 +0200  all   85,50    0,00   14,50    0,00    0,00    0,00    0,00    0,00    0,00    0,00
		kl. 22.59 +0200  all  100,00    0,00    0,00    0,00    0,00    0,00    0,00    0,00    0,00    0,00
	
	client: 
		kl. 22.59 +0200  all  100,00    0,00    0,00    0,00    0,00    0,00    0,00    0,00    0,00    0,00
		kl. 22.59 +0200  all   99,00    0,00    1,00    0,00    0,00    0,00    0,00    0,00    0,00    0,00
		kl. 22.59 +0200  all   83,00    0,00   17,00    0,00    0,00    0,00    0,00    0,00    0,00    0,00
		kl. 22.59 +0200  all   82,50    0,00   17,50    0,00    0,00    0,00    0,00    0,00    0,00    0,00
		kl. 22.59 +0200  all  100,00    0,00    0,00    0,00    0,00    0,00    0,00    0,00    0,00    0,00
		kl. 22.59 +0200  all   98,93    0,00    1,07    0,00    0,00    0,00    0,00    0,00    0,00    0,00

		kl. 22.59 +0200  CPU    %usr   %nice    %sys %iowait    %irq   %soft  %steal  %guest  %gnice   %idle
		kl. 22.59 +0200  all   87,00    0,00   13,00    0,00    0,00    0,00    0,00    0,00    0,00    0,00
		kl. 22.59 +0200  all   90,50    0,00    9,50    0,00    0,00    0,00    0,00    0,00    0,00    0,00
		kl. 22.59 +0200  all   96,48    0,00    3,52    0,00    0,00    0,00    0,00    0,00    0,00    0,00

	rtt: 
		1.592139
		pong
		1,0.000130
		2,0.000103
		4,0.000082
		8,0.000078
		16,0.000079
		32,0.000078
		64,0.000074
		128,0.000079
		256,0.000080
		512,0.000075
		1024,0.000079
		2048,0.000070
		4096,0.000067
		8192,0.000071
		16384,0.000075
		32768,0.000091
		65536,0.000136
		131072,0.000221
		262144,0.000396
		524288,0.000744
		1048576,0.001428
		2097152,0.002774
		4194304,0.010654
		8388608,0.018055
		16777216,0.021427
		33554432,0.042908
		67108864,0.085736
		134217728,0.171592
		268435456,0.308385
		536870912,0.576036


	
	

